Depth [m]	U [m/s]	V [m/s]	T [°C]	S [permil]	Tr [TU]	18O [permil]	2H [permil]	39Ar [pm]	He [ccSTP/g]	Ne [ccSTP/g]	Ar [ccSTP/g]	Kr [ccSTP/g]	k [J/kg]	eps [W/kg]
0	0	0	24.76	1.078	1.00E-30	111.54	8.91	1.12000	7.190E-08	1.548E-07	8.334E-07	5.372E-08	3.00E-06	5.00E-10
-1	0	0	24.757	1.078	1.00E-30	111.54	8.91	1.12000	7.190E-08	1.546E-07	8.323E-07	5.365E-08	3.00E-06	5.00E-10
-2	0	0	24.653	1.084	1.00E-30	111.54	8.91	1.12000	7.190E-08	1.544E-07	8.312E-07	5.358E-08	3.00E-06	5.00E-10
-3	0	0	24.597	1.085	1.00E-30	111.54	8.91	1.12000	7.190E-08	1.542E-07	8.302E-07	5.351E-08	3.00E-06	5.00E-10
-4	0	0	24.557	1.086	1.00E-30	111.54	8.91	1.12000	7.190E-08	1.540E-07	8.291E-07	5.344E-08	3.00E-06	5.00E-10
-5	0	0	24.522	1.087	1.00E-30	111.54	8.91	1.12000	7.190E-08	1.538E-07	8.281E-07	5.337E-08	3.00E-06	5.00E-10
-6	0	0	24.513	1.087	1.00E-30	111.54	8.91	1.12000	7.190E-08	1.536E-07	8.270E-07	5.330E-08	3.00E-06	5.00E-10
-7	0	0	24.507	1.088	1.00E-30	111.54	8.91	1.12000	7.190E-08	1.534E-07	8.260E-07	5.323E-08	3.00E-06	5.00E-10
-8	0	0	24.495	1.087	1.00E-30	111.54	8.91	1.12000	7.190E-08	1.532E-07	8.249E-07	5.317E-08	3.00E-06	5.00E-10
-9	0	0	24.494	1.087	1.00E-30	111.54	8.91	1.12000	7.190E-08	1.530E-07	8.238E-07	5.310E-08	3.00E-06	5.00E-10
-10	0	0	24.462	1.089	1.00E-30	111.54	8.91	1.11484	7.190E-08	1.528E-07	8.228E-07	5.303E-08	3.00E-06	5.00E-10
-11	0	0	24.440	1.089	1.00E-30	111.54	8.91	1.10967	7.190E-08	1.526E-07	8.217E-07	5.296E-08	3.00E-06	5.00E-10
-12	0	0	24.436	1.089	1.00E-30	111.54	8.91	1.10451	7.190E-08	1.524E-07	8.207E-07	5.289E-08	3.00E-06	5.00E-10
-13	0	0	24.417	1.090	1.00E-30	111.54	8.91	1.09934	7.190E-08	1.521E-07	8.196E-07	5.282E-08	3.00E-06	5.00E-10
-14	0	0	24.417	1.089	1.00E-30	111.54	8.91	1.09418	7.190E-08	1.519E-07	8.185E-07	5.275E-08	3.00E-06	5.00E-10
-15	0	0	24.409	1.090	1.00E-30	111.54	8.91	1.08902	7.190E-08	1.517E-07	8.175E-07	5.268E-08	3.00E-06	5.00E-10
-16	0	0	24.399	1.091	1.00E-30	111.54	8.91	1.08385	7.190E-08	1.515E-07	8.164E-07	5.262E-08	3.00E-06	5.00E-10
-17	0	0	24.400	1.091	1.00E-30	111.54	8.91	1.07869	7.190E-08	1.513E-07	8.154E-07	5.255E-08	3.00E-06	5.00E-10
-18	0	0	24.393	1.090	1.00E-30	111.54	8.91	1.07352	7.190E-08	1.511E-07	8.143E-07	5.248E-08	3.00E-06	5.00E-10
-19	0	0	24.377	1.090	1.00E-30	111.54	8.91	1.06836	7.190E-08	1.509E-07	8.133E-07	5.241E-08	3.00E-06	5.00E-10
-20	0	0	24.357	1.091	1.00E-30	111.54	8.91	1.06320	7.190E-08	1.507E-07	8.122E-07	5.234E-08	3.00E-06	5.00E-10
-21	0	0	24.316	1.092	1.00E-30	111.54	8.91	1.05803	7.190E-08	1.505E-07	8.111E-07	5.227E-08	3.00E-06	5.00E-10
-22	0	0	24.324	1.093	1.00E-30	111.54	8.91	1.05287	7.190E-08	1.503E-07	8.101E-07	5.220E-08	3.00E-06	5.00E-10
-23	0	0	24.259	1.096	1.00E-30	111.54	8.91	1.04770	7.190E-08	1.501E-07	8.090E-07	5.213E-08	3.00E-06	5.00E-10
-24	0	0	24.240	1.097	1.00E-30	111.54	8.91	1.04254	7.190E-08	1.499E-07	8.080E-07	5.207E-08	3.00E-06	5.00E-10
-25	0	0	24.207	1.101	1.00E-30	111.54	8.91	1.03738	7.190E-08	1.497E-07	8.069E-07	5.200E-08	3.00E-06	5.00E-10
-26	0	0	24.133	1.103	1.00E-30	111.54	8.91	1.03221	7.190E-08	1.495E-07	8.059E-07	5.193E-08	3.00E-06	5.00E-10
-27	0	0	24.074	1.104	1.00E-30	111.54	8.91	1.02705	7.190E-08	1.493E-07	8.048E-07	5.186E-08	3.00E-06	5.00E-10
-28	0	0	23.996	1.107	1.00E-30	111.54	8.91	1.02189	7.190E-08	1.491E-07	8.037E-07	5.179E-08	3.00E-06	5.00E-10
-29	0	0	23.948	1.109	1.00E-30	111.54	8.91	1.01672	7.190E-08	1.489E-07	8.027E-07	5.172E-08	3.00E-06	5.00E-10
-30	0	0	23.908	1.108	1.00E-30	111.54	8.91	1.01156	7.190E-08	1.487E-07	8.016E-07	5.165E-08	3.00E-06	5.00E-10
-31	0	0	23.853	1.113	1.00E-30	111.54	8.91	1.00639	7.190E-08	1.485E-07	8.006E-07	5.158E-08	3.00E-06	5.00E-10
-32	0	0	23.813	1.116	1.00E-30	111.54	8.91	1.00123	7.190E-08	1.483E-07	7.995E-07	5.151E-08	3.00E-06	5.00E-10
-33	0	0	23.766	1.116	1.00E-30	111.54	8.91	0.99607	7.190E-08	1.481E-07	7.984E-07	5.145E-08	3.00E-06	5.00E-10
-34	0	0	23.675	1.122	1.00E-30	111.54	8.91	0.99090	7.190E-08	1.479E-07	7.974E-07	5.138E-08	3.00E-06	5.00E-10
-35	0	0	23.575	1.127	1.00E-30	111.54	8.91	0.98574	7.190E-08	1.477E-07	7.963E-07	5.131E-08	3.00E-06	5.00E-10
-36	0	0	23.540	1.131	1.00E-30	111.54	8.91	0.98057	7.190E-08	1.475E-07	7.953E-07	5.124E-08	3.00E-06	5.00E-10
-37	0	0	23.515	1.134	1.00E-30	111.54	8.91	0.97541	7.190E-08	1.472E-07	7.942E-07	5.117E-08	3.00E-06	5.00E-10
-38	0	0	23.487	1.133	1.00E-30	111.54	8.91	0.97025	7.190E-08	1.470E-07	7.932E-07	5.110E-08	3.00E-06	5.00E-10
-39	0	0	23.463	1.133	1.00E-30	111.54	8.91	0.96508	7.190E-08	1.468E-07	7.921E-07	5.103E-08	3.00E-06	5.00E-10
-40	0	0	23.451	1.131	1.00E-30	111.54	8.91	0.95992	8.614E-08	1.467E-07	7.915E-07	5.100E-08	3.00E-06	5.00E-10
-41	0	0	23.429	1.134	1.00E-30	111.54	8.91	0.95475	1.336E-07	1.467E-07	7.918E-07	5.103E-08	3.00E-06	5.00E-10
-42	0	0	23.420	1.137	1.00E-30	111.54	8.91	0.94959	1.811E-07	1.467E-07	7.922E-07	5.107E-08	3.00E-06	5.00E-10
-43	0	0	23.414	1.136	1.00E-30	111.54	8.91	0.94443	2.285E-07	1.468E-07	7.926E-07	5.110E-08	3.00E-06	5.00E-10
-44	0	0	23.408	1.139	1.00E-30	111.54	8.91	0.93926	2.760E-07	1.468E-07	7.929E-07	5.114E-08	3.00E-06	5.00E-10
-45	0	0	23.399	1.142	1.00E-30	111.54	8.91	0.93410	3.235E-07	1.468E-07	7.933E-07	5.118E-08	3.00E-06	5.00E-10
-46	0	0	23.383	1.146	1.00E-30	111.54	8.91	0.92893	3.709E-07	1.468E-07	7.937E-07	5.121E-08	3.00E-06	5.00E-10
-47	0	0	23.374	1.153	1.00E-30	111.54	8.91	0.92377	4.184E-07	1.468E-07	7.940E-07	5.125E-08	3.00E-06	5.00E-10
-48	0	0	23.366	1.155	1.00E-30	111.54	8.91	0.91861	4.658E-07	1.468E-07	7.944E-07	5.129E-08	3.00E-06	5.00E-10
-49	0	0	23.353	1.160	1.00E-30	111.53	8.91	0.91344	5.133E-07	1.469E-07	7.948E-07	5.132E-08	3.00E-06	5.00E-10
-50	0	0	23.339	1.163	1.00E-30	111.53	8.91	0.90828	5.608E-07	1.469E-07	7.951E-07	5.136E-08	3.00E-06	5.00E-10
-51	0	0	23.326	1.167	1.00E-30	111.53	8.91	0.90311	6.082E-07	1.469E-07	7.955E-07	5.139E-08	3.00E-06	5.00E-10
-52	0	0	23.311	1.173	1.00E-30	111.53	8.91	0.89795	6.557E-07	1.469E-07	7.959E-07	5.143E-08	3.00E-06	5.00E-10
-53	0	0	23.300	1.181	1.00E-30	111.54	8.91	0.89279	7.031E-07	1.469E-07	7.962E-07	5.147E-08	3.00E-06	5.00E-10
-54	0	0	23.305	1.186	1.00E-30	111.54	8.91	0.88762	7.506E-07	1.469E-07	7.966E-07	5.150E-08	3.00E-06	5.00E-10
-55	0	0	23.278	1.192	1.00E-30	111.54	8.91	0.88246	7.981E-07	1.470E-07	7.970E-07	5.154E-08	3.00E-06	5.00E-10
-56	0	0	23.260	1.202	1.00E-30	111.54	8.91	0.87730	8.455E-07	1.470E-07	7.973E-07	5.157E-08	3.00E-06	5.00E-10
-57	0	0	23.269	1.218	1.00E-30	111.55	8.91	0.87213	8.930E-07	1.470E-07	7.977E-07	5.161E-08	3.00E-06	5.00E-10
-58	0	0	23.242	1.234	1.00E-30	111.55	8.91	0.86697	9.405E-07	1.470E-07	7.981E-07	5.165E-08	3.00E-06	5.00E-10
-59	0	0	23.244	1.252	1.00E-30	111.55	8.91	0.86180	9.879E-07	1.470E-07	7.984E-07	5.168E-08	3.00E-06	5.00E-10
-60	0	0	23.220	1.268	1.00E-30	111.55	8.91	0.85664	1.035E-06	1.471E-07	7.988E-07	5.172E-08	3.00E-06	5.00E-10
-61	0	0	23.193	1.271	1.00E-30	111.56	8.91	0.85148	1.083E-06	1.471E-07	7.992E-07	5.176E-08	3.00E-06	5.00E-10
-62	0	0	23.158	1.293	1.00E-30	111.56	8.91	0.84631	1.130E-06	1.471E-07	7.995E-07	5.179E-08	3.00E-06	5.00E-10
-63	0	0	23.151	1.306	1.00E-30	111.56	8.91	0.84115	1.178E-06	1.471E-07	7.999E-07	5.183E-08	3.00E-06	5.00E-10
-64	0	0	23.131	1.315	1.00E-30	111.56	8.91	0.83598	1.225E-06	1.471E-07	8.003E-07	5.186E-08	3.00E-06	5.00E-10
-65	0	0	23.117	1.323	1.00E-30	111.57	8.91	0.83082	1.273E-06	1.471E-07	8.006E-07	5.190E-08	3.00E-06	5.00E-10
-66	0	0	23.099	1.334	1.00E-30	111.57	8.91	0.82566	1.320E-06	1.472E-07	8.010E-07	5.194E-08	3.00E-06	5.00E-10
-67	0	0	23.087	1.359	1.00E-30	111.56	8.91	0.82049	1.368E-06	1.472E-07	8.014E-07	5.197E-08	3.00E-06	5.00E-10
-68	0	0	23.090	1.381	1.00E-30	111.56	8.91	0.81533	1.415E-06	1.472E-07	8.017E-07	5.201E-08	3.00E-06	5.00E-10
-69	0	0	23.085	1.403	1.00E-30	111.56	8.91	0.81016	1.463E-06	1.472E-07	8.021E-07	5.205E-08	3.00E-06	5.00E-10
-70	0	0	23.080	1.420	1.00E-30	111.56	8.91	0.80500	1.510E-06	1.472E-07	8.025E-07	5.208E-08	3.00E-06	5.00E-10
-71	0	0	23.078	1.448	1.00E-30	111.56	8.91	0.80469	1.557E-06	1.472E-07	8.028E-07	5.212E-08	3.00E-06	5.00E-10
-72	0	0	23.076	1.484	1.00E-30	111.56	8.91	0.80438	1.605E-06	1.473E-07	8.032E-07	5.215E-08	3.00E-06	5.00E-10
-73	0	0	23.077	1.515	1.00E-30	111.55	8.91	0.80406	1.652E-06	1.473E-07	8.036E-07	5.219E-08	3.00E-06	5.00E-10
-74	0	0	23.078	1.550	1.00E-30	111.55	8.91	0.80375	1.700E-06	1.473E-07	8.039E-07	5.223E-08	3.00E-06	5.00E-10
-75	0	0	23.081	1.579	1.00E-30	111.55	8.91	0.80344	1.747E-06	1.473E-07	8.043E-07	5.226E-08	3.00E-06	5.00E-10
-76	0	0	23.081	1.611	1.00E-30	111.55	8.91	0.80313	1.795E-06	1.473E-07	8.047E-07	5.230E-08	3.00E-06	5.00E-10
-77	0	0	23.083	1.647	1.00E-30	111.55	8.91	0.80281	1.842E-06	1.473E-07	8.050E-07	5.234E-08	3.00E-06	5.00E-10
-78	0	0	23.087	1.681	1.00E-30	111.55	8.91	0.80250	1.890E-06	1.474E-07	8.054E-07	5.237E-08	3.00E-06	5.00E-10
-79	0	0	23.085	1.709	1.00E-30	111.55	8.90	0.80219	1.969E-06	1.474E-07	8.050E-07	5.232E-08	3.00E-06	5.00E-10
-80	0	0	23.085	1.743	1.00E-30	111.54	8.90	0.80188	2.061E-06	1.474E-07	8.043E-07	5.224E-08	3.00E-06	5.00E-10
-81	0	0	23.086	1.773	1.00E-30	111.54	8.90	0.80156	2.154E-06	1.474E-07	8.035E-07	5.216E-08	3.00E-06	5.00E-10
-82	0	0	23.087	1.813	1.00E-30	111.54	8.90	0.80125	2.246E-06	1.473E-07	8.028E-07	5.208E-08	3.00E-06	5.00E-10
-83	0	0	23.088	1.851	1.00E-30	111.54	8.90	0.80094	2.339E-06	1.473E-07	8.021E-07	5.200E-08	3.00E-06	5.00E-10
-84	0	0	23.090	1.883	1.00E-30	111.54	8.90	0.80063	2.431E-06	1.473E-07	8.014E-07	5.192E-08	3.00E-06	5.00E-10
-85	0	0	23.090	1.908	1.00E-30	111.54	8.90	0.80031	2.524E-06	1.473E-07	8.007E-07	5.183E-08	3.00E-06	5.00E-10
-86	0	0	23.089	1.940	1.00E-30	111.53	8.90	0.80000	2.618E-06	1.473E-07	7.999E-07	5.175E-08	3.00E-06	5.00E-10
-87	0	0	23.092	1.968	1.00E-30	111.53	8.90	0.79969	2.727E-06	1.469E-07	7.992E-07	5.167E-08	3.00E-06	5.00E-10
-88	0	0	23.096	1.996	1.00E-30	111.53	8.90	0.79938	2.836E-06	1.465E-07	7.985E-07	5.159E-08	3.00E-06	5.00E-10
-89	0	0	23.100	2.012	1.00E-30	111.53	8.90	0.79906	2.944E-06	1.461E-07	7.978E-07	5.151E-08	3.00E-06	5.00E-10
-90	0	0	23.098	2.035	1.00E-30	111.53	8.90	0.79875	3.053E-06	1.457E-07	7.970E-07	5.142E-08	3.00E-06	5.00E-10
-91	0	0	23.097	2.058	1.00E-30	111.52	8.90	0.79844	3.162E-06	1.453E-07	7.963E-07	5.134E-08	3.00E-06	5.00E-10
-92	0	0	23.101	2.081	1.00E-30	111.52	8.90	0.79813	3.271E-06	1.449E-07	7.956E-07	5.126E-08	3.00E-06	5.00E-10
-93	0	0	23.104	2.105	1.00E-30	111.52	8.89	0.79781	3.380E-06	1.445E-07	7.949E-07	5.118E-08	3.00E-06	5.00E-10
-94	0	0	23.110	2.122	1.00E-30	111.52	8.89	0.79750	3.489E-06	1.441E-07	7.942E-07	5.110E-08	3.00E-06	5.00E-10
-95	0	0	23.113	2.143	1.00E-30	111.52	8.89	0.79719	3.597E-06	1.437E-07	7.934E-07	5.101E-08	3.00E-06	5.00E-10
-96	0	0	23.114	2.162	1.00E-30	111.52	8.89	0.79688	3.706E-06	1.434E-07	7.927E-07	5.093E-08	3.00E-06	5.00E-10
-97	0	0	23.115	2.187	1.00E-30	111.52	8.89	0.79656	3.815E-06	1.430E-07	7.920E-07	5.085E-08	3.00E-06	5.00E-10
-98	0	0	23.117	2.207	1.00E-30	111.52	8.89	0.79625	3.924E-06	1.426E-07	7.913E-07	5.077E-08	3.00E-06	5.00E-10
-99	0	0	23.120	2.229	1.00E-30	111.52	8.89	0.79594	3.983E-06	1.425E-07	7.903E-07	5.072E-08	3.00E-06	5.00E-10
-100	0	0	23.122	2.248	1.00E-30	111.52	8.89	0.79563	4.042E-06	1.424E-07	7.893E-07	5.066E-08	3.00E-06	5.00E-10
-101	0	0	23.124	2.268	1.00E-30	111.52	8.89	0.79531	4.101E-06	1.423E-07	7.883E-07	5.061E-08	3.00E-06	5.00E-10
-102	0	0	23.130	2.282	1.00E-30	111.51	8.89	0.79500	4.160E-06	1.422E-07	7.873E-07	5.056E-08	3.00E-06	5.00E-10
-103	0	0	23.133	2.301	1.00E-30	111.51	8.89	0.78683	4.219E-06	1.421E-07	7.863E-07	5.050E-08	3.00E-06	5.00E-10
-104	0	0	23.137	2.311	1.00E-30	111.51	8.89	0.77866	4.278E-06	1.420E-07	7.854E-07	5.045E-08	3.00E-06	5.00E-10
-105	0	0	23.140	2.328	1.00E-30	111.51	8.89	0.77048	4.337E-06	1.419E-07	7.844E-07	5.040E-08	3.00E-06	5.00E-10
-106	0	0	23.143	2.343	1.00E-30	111.51	8.89	0.76231	4.396E-06	1.418E-07	7.834E-07	5.035E-08	3.00E-06	5.00E-10
-107	0	0	23.147	2.360	1.00E-30	111.51	8.89	0.75414	4.454E-06	1.417E-07	7.824E-07	5.029E-08	3.00E-06	5.00E-10
-108	0	0	23.149	2.375	1.00E-30	111.51	8.89	0.74597	4.513E-06	1.416E-07	7.814E-07	5.024E-08	3.00E-06	5.00E-10
-109	0	0	23.152	2.393	1.00E-30	111.51	8.89	0.73779	4.572E-06	1.415E-07	7.804E-07	5.019E-08	3.00E-06	5.00E-10
-110	0	0	23.156	2.406	1.00E-30	111.51	8.89	0.72962	4.631E-06	1.414E-07	7.795E-07	5.014E-08	3.00E-06	5.00E-10
-111	0	0	23.163	2.420	1.00E-30	111.51	8.89	0.72145	4.690E-06	1.413E-07	7.785E-07	5.008E-08	3.00E-06	5.00E-10
-112	0	0	23.164	2.435	1.00E-30	111.50	8.89	0.71328	4.749E-06	1.412E-07	7.775E-07	5.003E-08	3.00E-06	5.00E-10
-113	0	0	23.166	2.450	1.00E-30	111.50	8.89	0.70510	4.808E-06	1.411E-07	7.765E-07	4.998E-08	3.00E-06	5.00E-10
-114	0	0	23.173	2.466	1.00E-30	111.50	8.89	0.69693	4.867E-06	1.410E-07	7.755E-07	4.993E-08	3.00E-06	5.00E-10
-115	0	0	23.177	2.484	1.00E-30	111.50	8.89	0.68876	4.926E-06	1.409E-07	7.745E-07	4.987E-08	3.00E-06	5.00E-10
-116	0	0	23.188	2.500	1.00E-30	111.50	8.89	0.68059	4.985E-06	1.408E-07	7.735E-07	4.982E-08	3.00E-06	5.00E-10
-117	0	0	23.193	2.509	1.00E-30	111.50	8.89	0.67241	5.044E-06	1.407E-07	7.726E-07	4.977E-08	3.00E-06	5.00E-10
-118	0	0	23.199	2.520	1.00E-30	111.50	8.89	0.66424	5.103E-06	1.406E-07	7.716E-07	4.972E-08	3.00E-06	5.00E-10
-119	0	0	23.204	2.537	1.00E-30	111.50	8.89	0.65607	5.162E-06	1.405E-07	7.706E-07	4.966E-08	3.00E-06	5.00E-10
-120	0	0	23.209	2.546	1.00E-30	111.50	8.89	0.64790	5.221E-06	1.404E-07	7.696E-07	4.961E-08	3.00E-06	5.00E-10
-121	0	0	23.214	2.555	1.00E-30	111.50	8.89	0.63972	5.280E-06	1.403E-07	7.686E-07	4.956E-08	3.00E-06	5.00E-10
-122	0	0	23.221	2.569	1.00E-30	111.50	8.89	0.63155	5.339E-06	1.402E-07	7.676E-07	4.950E-08	3.00E-06	5.00E-10
-123	0	0	23.229	2.584	1.00E-30	111.50	8.89	0.62338	5.398E-06	1.401E-07	7.667E-07	4.945E-08	3.00E-06	5.00E-10
-124	0	0	23.233	2.593	1.00E-30	111.50	8.89	0.61521	5.457E-06	1.400E-07	7.657E-07	4.940E-08	3.00E-06	5.00E-10
-125	0	0	23.237	2.606	1.00E-30	111.50	8.89	0.60703	5.516E-06	1.399E-07	7.647E-07	4.935E-08	3.00E-06	5.00E-10
-126	0	0	23.241	2.613	1.00E-30	111.50	8.89	0.59886	5.574E-06	1.398E-07	7.637E-07	4.929E-08	3.00E-06	5.00E-10
-127	0	0	23.244	2.622	1.00E-30	111.50	8.89	0.59069	5.633E-06	1.397E-07	7.627E-07	4.924E-08	3.00E-06	5.00E-10
-128	0	0	23.251	2.628	1.00E-30	111.50	8.89	0.58252	5.692E-06	1.396E-07	7.617E-07	4.919E-08	3.00E-06	5.00E-10
-129	0	0	23.258	2.636	1.00E-30	111.50	8.89	0.57434	5.751E-06	1.395E-07	7.607E-07	4.914E-08	3.00E-06	5.00E-10
-130	0	0	23.260	2.640	1.00E-30	111.50	8.89	0.56617	5.810E-06	1.394E-07	7.598E-07	4.908E-08	3.00E-06	5.00E-10
-131	0	0	23.267	2.648	1.00E-30	111.50	8.88	0.55800	5.869E-06	1.393E-07	7.588E-07	4.903E-08	3.00E-06	5.00E-10
-132	0	0	23.271	2.654	1.00E-30	111.49	8.88	0.55748	5.928E-06	1.392E-07	7.578E-07	4.898E-08	3.00E-06	5.00E-10
-133	0	0	23.276	2.659	1.00E-30	111.49	8.88	0.55696	5.987E-06	1.391E-07	7.568E-07	4.893E-08	3.00E-06	5.00E-10
-134	0	0	23.279	2.662	1.00E-30	111.49	8.88	0.55644	6.046E-06	1.390E-07	7.558E-07	4.887E-08	3.00E-06	5.00E-10
-135	0	0	23.284	2.664	1.00E-30	111.49	8.88	0.55592	6.105E-06	1.389E-07	7.548E-07	4.882E-08	3.00E-06	5.00E-10
-136	0	0	23.289	2.669	1.00E-30	111.48	8.88	0.55540	6.164E-06	1.388E-07	7.539E-07	4.877E-08	3.00E-06	5.00E-10
-137	0	0	23.294	2.670	1.00E-30	111.48	8.88	0.55488	6.210E-06	1.387E-07	7.529E-07	4.871E-08	3.00E-06	5.00E-10
-138	0	0	23.298	2.674	1.00E-30	111.48	8.88	0.55436	6.238E-06	1.386E-07	7.519E-07	4.866E-08	3.00E-06	5.00E-10
-139	0	0	23.301	2.678	1.00E-30	111.48	8.87	0.55384	6.266E-06	1.385E-07	7.509E-07	4.861E-08	3.00E-06	5.00E-10
-140	0	0	23.304	2.681	1.00E-30	111.48	8.87	0.55332	6.293E-06	1.384E-07	7.499E-07	4.856E-08	3.00E-06	5.00E-10
-141	0	0	23.307	2.686	1.00E-30	111.48	8.88	0.55280	6.321E-06	1.383E-07	7.489E-07	4.850E-08	3.00E-06	5.00E-10
-142	0	0	23.312	2.688	1.00E-30	111.48	8.88	0.55228	6.349E-06	1.382E-07	7.479E-07	4.845E-08	3.00E-06	5.00E-10
-143	0	0	23.314	2.690	1.00E-30	111.48	8.88	0.55176	6.376E-06	1.381E-07	7.470E-07	4.840E-08	3.00E-06	5.00E-10
-144	0	0	23.316	2.692	1.00E-30	111.48	8.88	0.55124	6.404E-06	1.380E-07	7.460E-07	4.835E-08	3.00E-06	5.00E-10
-145	0	0	23.319	2.696	1.00E-30	111.48	8.88	0.55072	6.432E-06	1.379E-07	7.450E-07	4.829E-08	3.00E-06	5.00E-10
-146	0	0	23.322	2.698	1.00E-30	111.48	8.88	0.55020	6.459E-06	1.378E-07	7.440E-07	4.824E-08	3.00E-06	5.00E-10
-147	0	0	23.325	2.701	1.00E-30	111.48	8.88	0.54968	6.487E-06	1.377E-07	7.430E-07	4.819E-08	3.00E-06	5.00E-10
-148	0	0	23.328	2.703	1.00E-30	111.48	8.88	0.54916	6.515E-06	1.376E-07	7.420E-07	4.814E-08	3.00E-06	5.00E-10
-149	0	0	23.330	2.705	1.00E-30	111.48	8.88	0.54864	6.542E-06	1.375E-07	7.411E-07	4.808E-08	3.00E-06	5.00E-10
-150	0	0	23.332	2.707	1.00E-30	111.48	8.88	0.54812	6.570E-06	1.374E-07	7.401E-07	4.803E-08	3.00E-06	5.00E-10
-151	0	0	23.336	2.709	1.00E-30	111.48	8.88	0.54760	6.598E-06	1.373E-07	7.391E-07	4.798E-08	3.00E-06	5.00E-10
-152	0	0	23.340	2.711	1.00E-30	111.48	8.88	0.54708	6.625E-06	1.372E-07	7.381E-07	4.793E-08	3.00E-06	5.00E-10
-153	0	0	23.344	2.713	1.00E-30	111.48	8.88	0.54656	6.653E-06	1.371E-07	7.371E-07	4.787E-08	3.00E-06	5.00E-10
-154	0	0	23.347	2.717	1.00E-30	111.48	8.88	0.54604	6.681E-06	1.370E-07	7.361E-07	4.782E-08	3.00E-06	5.00E-10
-155	0	0	23.349	2.719	1.00E-30	111.48	8.88	0.54552	6.708E-06	1.369E-07	7.351E-07	4.777E-08	3.00E-06	5.00E-10
-156	0	0	23.353	2.722	1.00E-30	111.48	8.88	0.54500	6.736E-06	1.368E-07	7.342E-07	4.771E-08	3.00E-06	5.00E-10
-157	0	0	23.357	2.725	1.00E-30	111.48	8.88	0.54721	6.764E-06	1.367E-07	7.332E-07	4.766E-08	3.00E-06	5.00E-10
-158	0	0	23.359	2.728	1.00E-30	111.48	8.88	0.54943	6.791E-06	1.366E-07	7.322E-07	4.761E-08	3.00E-06	5.00E-10
-159	0	0	23.362	2.729	1.00E-30	111.48	8.88	0.55164	6.819E-06	1.365E-07	7.312E-07	4.756E-08	3.00E-06	5.00E-10
-160	0	0	23.366	2.733	1.00E-30	111.48	8.88	0.55385	6.847E-06	1.364E-07	7.302E-07	4.750E-08	3.00E-06	5.00E-10
-161	0	0	23.372	2.735	1.00E-30	111.48	8.88	0.55607	6.874E-06	1.363E-07	7.292E-07	4.745E-08	3.00E-06	5.00E-10
-162	0	0	23.374	2.738	1.00E-30	111.48	8.88	0.55828	6.902E-06	1.362E-07	7.283E-07	4.740E-08	3.00E-06	5.00E-10
-163	0	0	23.380	2.739	1.00E-30	111.48	8.88	0.56049	6.929E-06	1.361E-07	7.273E-07	4.735E-08	3.00E-06	5.00E-10
-164	0	0	23.385	2.742	1.00E-30	111.47	8.88	0.56270	6.957E-06	1.360E-07	7.263E-07	4.729E-08	3.00E-06	5.00E-10
-165	0	0	23.390	2.746	1.00E-30	111.47	8.88	0.56492	6.985E-06	1.359E-07	7.253E-07	4.724E-08	3.00E-06	5.00E-10
-166	0	0	23.393	2.748	1.00E-30	111.47	8.88	0.56713	7.012E-06	1.358E-07	7.243E-07	4.719E-08	3.00E-06	5.00E-10
-167	0	0	23.398	2.751	1.00E-30	111.47	8.88	0.56934	7.040E-06	1.357E-07	7.233E-07	4.714E-08	3.00E-06	5.00E-10
-168	0	0	23.402	2.756	1.00E-30	111.47	8.88	0.57156	7.087E-06	1.356E-07	7.217E-07	4.703E-08	3.00E-06	5.00E-10
-169	0	0	23.408	2.760	1.00E-30	111.47	8.88	0.57377	7.141E-06	1.355E-07	7.198E-07	4.690E-08	3.00E-06	5.00E-10
-170	0	0	23.417	2.762	1.00E-30	111.47	8.88	0.57598	7.196E-06	1.355E-07	7.179E-07	4.677E-08	3.00E-06	5.00E-10
-171	0	0	23.423	2.766	1.00E-30	111.47	8.88	0.57820	7.250E-06	1.354E-07	7.160E-07	4.663E-08	3.00E-06	5.00E-10
-172	0	0	23.428	2.770	1.00E-30	111.47	8.88	0.58041	7.305E-06	1.353E-07	7.141E-07	4.650E-08	3.00E-06	5.00E-10
-173	0	0	23.431	2.774	1.00E-30	111.47	8.88	0.58262	7.359E-06	1.352E-07	7.122E-07	4.637E-08	3.00E-06	5.00E-10
-174	0	0	23.437	2.778	1.00E-30	111.47	8.87	0.58484	7.414E-06	1.352E-07	7.102E-07	4.624E-08	3.00E-06	5.00E-10
-175	0	0	23.442	2.785	1.00E-30	111.47	8.87	0.58705	7.468E-06	1.351E-07	7.083E-07	4.611E-08	3.00E-06	5.00E-10
-176	0	0	23.449	2.790	1.00E-30	111.47	8.87	0.58926	7.523E-06	1.350E-07	7.064E-07	4.598E-08	3.00E-06	5.00E-10
-177	0	0	23.452	2.798	1.00E-30	111.47	8.87	0.59148	7.578E-06	1.349E-07	7.045E-07	4.585E-08	3.00E-06	5.00E-10
-178	0	0	23.464	2.803	1.00E-30	111.46	8.87	0.59369	7.632E-06	1.349E-07	7.026E-07	4.572E-08	3.00E-06	5.00E-10
-179	0	0	23.475	2.812	1.00E-30	111.46	8.87	0.59590	7.687E-06	1.348E-07	7.007E-07	4.559E-08	3.00E-06	5.00E-10
-180	0	0	23.483	2.826	1.00E-30	111.46	8.87	0.59811	7.741E-06	1.347E-07	6.988E-07	4.545E-08	3.00E-06	5.00E-10
-181	0	0	23.492	2.834	1.00E-30	111.46	8.87	0.60033	7.796E-06	1.346E-07	6.969E-07	4.532E-08	3.00E-06	5.00E-10
-182	0	0	23.505	2.843	1.00E-30	111.46	8.87	0.60254	7.850E-06	1.346E-07	6.950E-07	4.519E-08	3.00E-06	5.00E-10
-183	0	0	23.520	2.860	1.00E-30	111.45	8.87	0.60475	7.905E-06	1.345E-07	6.931E-07	4.506E-08	3.00E-06	5.00E-10
-184	0	0	23.540	2.879	1.00E-30	111.45	8.87	0.60697	7.959E-06	1.344E-07	6.912E-07	4.493E-08	3.00E-06	5.00E-10
-185	0	0	23.557	2.897	1.00E-30	111.45	8.87	0.60918	8.014E-06	1.343E-07	6.893E-07	4.480E-08	3.00E-06	5.00E-10
-186	0	0	23.574	2.914	1.00E-30	111.45	8.87	0.61139	8.069E-06	1.343E-07	6.873E-07	4.467E-08	3.00E-06	5.00E-10
-187	0	0	23.589	2.934	1.00E-30	111.44	8.87	0.61361	8.123E-06	1.342E-07	6.854E-07	4.454E-08	3.00E-06	5.00E-10
-188	0	0	23.606	2.956	1.00E-30	111.44	8.87	0.61582	8.178E-06	1.341E-07	6.835E-07	4.440E-08	3.00E-06	5.00E-10
-189	0	0	23.624	2.972	1.00E-30	111.44	8.87	0.61803	8.232E-06	1.340E-07	6.816E-07	4.427E-08	3.00E-06	5.00E-10
-190	0	0	23.648	3.001	1.00E-30	111.44	8.87	0.62025	8.287E-06	1.340E-07	6.797E-07	4.414E-08	3.00E-06	5.00E-10
-191	0	0	23.670	3.025	1.00E-30	111.44	8.87	0.62246	8.341E-06	1.339E-07	6.778E-07	4.401E-08	3.00E-06	5.00E-10
-192	0	0	23.702	3.050	1.00E-30	111.43	8.87	0.62467	8.396E-06	1.338E-07	6.759E-07	4.388E-08	3.00E-06	5.00E-10
-193	0	0	23.720	3.075	1.00E-30	111.43	8.86	0.62689	8.450E-06	1.338E-07	6.740E-07	4.375E-08	3.00E-06	5.00E-10
-194	0	0	23.742	3.092	1.00E-30	111.43	8.86	0.62910	8.505E-06	1.337E-07	6.721E-07	4.362E-08	3.00E-06	5.00E-10
-195	0	0	23.755	3.114	1.00E-30	111.43	8.86	0.63131	8.559E-06	1.336E-07	6.702E-07	4.349E-08	3.00E-06	5.00E-10
-196	0	0	23.777	3.137	1.00E-30	111.43	8.86	0.63352	8.630E-06	1.335E-07	6.683E-07	4.337E-08	3.00E-06	5.00E-10
-197	0	0	23.798	3.155	1.00E-30	111.42	8.86	0.63574	8.739E-06	1.331E-07	6.665E-07	4.328E-08	3.00E-06	5.00E-10
-198	0	0	23.808	3.174	1.00E-30	111.42	8.86	0.63795	8.848E-06	1.328E-07	6.648E-07	4.320E-08	3.00E-06	5.00E-10
-199	0	0	23.822	3.190	1.00E-30	111.42	8.86	0.64016	8.957E-06	1.324E-07	6.630E-07	4.311E-08	3.00E-06	5.00E-10
-200	0	0	23.839	3.206	1.00E-30	111.42	8.86	0.64238	9.065E-06	1.321E-07	6.613E-07	4.303E-08	3.00E-06	5.00E-10
-201	0	0	23.850	3.217	1.00E-30	111.42	8.86	0.64459	9.174E-06	1.318E-07	6.595E-07	4.294E-08	3.00E-06	5.00E-10
-202	0	0	23.860	3.222	1.00E-30	111.42	8.86	0.64680	9.283E-06	1.314E-07	6.578E-07	4.286E-08	3.00E-06	5.00E-10
-203	0	0	23.872	3.228	1.00E-30	111.42	8.86	0.64902	9.392E-06	1.311E-07	6.560E-07	4.277E-08	3.00E-06	5.00E-10
-204	0	0	23.875	3.232	1.00E-30	111.42	8.86	0.65123	9.501E-06	1.308E-07	6.543E-07	4.269E-08	3.00E-06	5.00E-10
-205	0	0	23.882	3.233	1.00E-30	111.42	8.86	0.65344	9.609E-06	1.304E-07	6.525E-07	4.260E-08	3.00E-06	5.00E-10
-206	0	0	23.883	3.241	1.00E-30	111.42	8.86	0.65566	9.718E-06	1.301E-07	6.508E-07	4.252E-08	3.00E-06	5.00E-10
-207	0	0	23.888	3.245	1.00E-30	111.42	8.86	0.65787	9.827E-06	1.298E-07	6.490E-07	4.243E-08	3.00E-06	5.00E-10
-208	0	0	23.891	3.246	1.00E-30	111.42	8.86	0.66008	9.936E-06	1.294E-07	6.472E-07	4.235E-08	3.00E-06	5.00E-10
-209	0	0	23.892	3.248	1.00E-30	111.42	8.85	0.66230	1.004E-05	1.291E-07	6.455E-07	4.226E-08	3.00E-06	5.00E-10
-210	0	0	23.896	3.250	1.00E-30	111.42	8.85	0.66451	1.015E-05	1.288E-07	6.437E-07	4.218E-08	3.00E-06	5.00E-10
-211	0	0	23.896	3.251	1.00E-30	111.41	8.85	0.66672	1.026E-05	1.284E-07	6.420E-07	4.209E-08	3.00E-06	5.00E-10
-212	0	0	23.897	3.253	1.00E-30	111.41	8.85	0.66893	1.037E-05	1.281E-07	6.402E-07	4.201E-08	3.00E-06	5.00E-10
-213	0	0	23.899	3.253	1.00E-30	111.41	8.85	0.67115	1.045E-05	1.278E-07	6.385E-07	4.193E-08	3.00E-06	5.00E-10
-214	0	0	23.898	3.253	1.00E-30	111.41	8.85	0.67336	1.047E-05	1.276E-07	6.370E-07	4.186E-08	3.00E-06	5.00E-10
-215	0	0	23.898	3.253	1.00E-30	111.41	8.85	0.67557	1.049E-05	1.274E-07	6.355E-07	4.180E-08	3.00E-06	5.00E-10
-216	0	0	23.897	3.253	1.00E-30	111.41	8.85	0.67779	1.051E-05	1.272E-07	6.339E-07	4.173E-08	3.00E-06	5.00E-10
-217	0	0	23.898	3.253	1.00E-30	111.41	8.85	0.68000	1.053E-05	1.270E-07	6.324E-07	4.167E-08	3.00E-06	5.00E-10
-218	0	0	23.899	3.253	1.00E-30	111.41	8.85	0.68000	1.055E-05	1.268E-07	6.308E-07	4.160E-08	3.00E-06	5.00E-10
-219	0	0	23.900	3.253	1.00E-30	111.41	8.85	0.68000	1.057E-05	1.266E-07	6.293E-07	4.153E-08	3.00E-06	5.00E-10
-220	0	0	23.900	3.253	1.00E-30	111.41	8.85	0.68000	1.059E-05	1.264E-07	6.277E-07	4.147E-08	3.00E-06	5.00E-10
-221	0	0	23.899	3.253	1.00E-30	111.41	8.85	0.68000	1.061E-05	1.262E-07	6.262E-07	4.140E-08	3.00E-06	5.00E-10
-222	0	0	23.899	3.253	1.00E-30	111.41	8.85	0.68000	1.063E-05	1.260E-07	6.247E-07	4.134E-08	3.00E-06	5.00E-10
-223	0	0	23.900	3.253	1.00E-30	111.41	8.85	0.68000	1.065E-05	1.258E-07	6.231E-07	4.127E-08	3.00E-06	5.00E-10
-224	0	0	23.901	3.253	1.00E-30	111.41	8.85	0.68000	1.067E-05	1.257E-07	6.216E-07	4.120E-08	3.00E-06	5.00E-10
-225	0	0	23.901	3.254	1.00E-30	111.41	8.85	0.68000	1.069E-05	1.255E-07	6.200E-07	4.114E-08	3.00E-06	5.00E-10
-226	0	0	23.902	3.255	1.00E-30	111.41	8.85	0.68000	1.071E-05	1.253E-07	6.185E-07	4.107E-08	3.00E-06	5.00E-10
-227	0	0	23.903	3.255	1.00E-30	111.41	8.85	0.68000	1.073E-05	1.251E-07	6.170E-07	4.101E-08	3.00E-06	5.00E-10
-228	0	0	23.904	3.256	1.00E-30	111.41	8.85	0.68000	1.075E-05	1.249E-07	6.154E-07	4.094E-08	3.00E-06	5.00E-10
-229	0	0	23.905	3.256	1.00E-30	111.40	8.84	0.68000	1.077E-05	1.247E-07	6.139E-07	4.088E-08	3.00E-06	5.00E-10
-230	0	0	23.906	3.258	1.00E-30	111.40	8.84	0.68000	1.079E-05	1.245E-07	6.123E-07	4.081E-08	3.00E-06	5.00E-10
-231	0	0	23.908	3.258	1.00E-30	111.40	8.84	0.68000	1.081E-05	1.243E-07	6.108E-07	4.074E-08	3.00E-06	5.00E-10
-232	0	0	23.909	3.259	1.00E-30	111.40	8.84	0.68000	1.083E-05	1.241E-07	6.092E-07	4.068E-08	3.00E-06	5.00E-10
-233	0	0	23.911	3.259	1.00E-30	111.40	8.84	0.68000	1.085E-05	1.239E-07	6.077E-07	4.061E-08	3.00E-06	5.00E-10
-234	0	0	23.913	3.260	1.00E-30	111.40	8.84	0.68000	1.087E-05	1.237E-07	6.062E-07	4.055E-08	3.00E-06	5.00E-10
-235	0	0	23.915	3.261	1.00E-30	111.40	8.84	0.68000	1.090E-05	1.235E-07	6.046E-07	4.048E-08	3.00E-06	5.00E-10
-236	0	0	23.916	3.263	1.00E-30	111.40	8.84	0.68000	1.092E-05	1.233E-07	6.031E-07	4.041E-08	3.00E-06	5.00E-10
-237	0	0	23.919	3.264	1.00E-30	111.40	8.84	0.68000	1.094E-05	1.231E-07	6.015E-07	4.035E-08	3.00E-06	5.00E-10
-238	0	0	23.921	3.265	1.00E-30	111.40	8.84	0.68000	1.096E-05	1.229E-07	6.000E-07	4.028E-08	3.00E-06	5.00E-10
-239	0	0	23.925	3.266	1.00E-30	111.40	8.84	0.68000	1.098E-05	1.227E-07	5.985E-07	4.022E-08	3.00E-06	5.00E-10
-240	0	0	23.927	3.268	1.00E-30	111.40	8.84	0.68000	1.100E-05	1.225E-07	5.969E-07	4.015E-08	3.00E-06	5.00E-10
-241	0	0	23.930	3.270	1.00E-30	111.40	8.84	0.68000	1.102E-05	1.223E-07	5.954E-07	4.009E-08	3.00E-06	5.00E-10
-242	0	0	23.933	3.272	1.00E-30	111.39	8.84	0.68000	1.104E-05	1.222E-07	5.938E-07	4.002E-08	3.00E-06	5.00E-10
-243	0	0	23.937	3.274	1.00E-30	111.39	8.84	0.68000	1.106E-05	1.220E-07	5.923E-07	3.995E-08	3.00E-06	5.00E-10
-244	0	0	23.941	3.277	1.00E-30	111.39	8.84	0.68000	1.108E-05	1.218E-07	5.907E-07	3.989E-08	3.00E-06	5.00E-10
-245	0	0	23.946	3.282	1.00E-30	111.39	8.84	0.68000	1.110E-05	1.216E-07	5.892E-07	3.982E-08	3.00E-06	5.00E-10
-246	0	0	23.952	3.287	1.00E-30	111.39	8.84	0.68000	1.112E-05	1.214E-07	5.877E-07	3.976E-08	3.00E-06	5.00E-10
-247	0	0	23.959	3.292	1.00E-30	111.39	8.84	0.68000	1.114E-05	1.212E-07	5.861E-07	3.969E-08	3.00E-06	5.00E-10
-248	0	0	23.964	3.302	1.00E-30	111.39	8.84	0.68000	1.116E-05	1.210E-07	5.846E-07	3.963E-08	3.00E-06	5.00E-10
-249	0	0	23.972	3.313	1.00E-30	111.39	8.84	0.68000	1.118E-05	1.208E-07	5.830E-07	3.956E-08	3.00E-06	5.00E-10
-250	0	0	23.989	3.326	1.00E-30	111.39	8.84	0.68000	1.120E-05	1.206E-07	5.815E-07	3.949E-08	3.00E-06	5.00E-10
-251	0	0	24.005	3.344	1.00E-30	111.38	8.84	0.68000	1.122E-05	1.204E-07	5.800E-07	3.943E-08	3.00E-06	5.00E-10
-252	0	0	24.021	3.379	1.00E-30	111.38	8.84	0.68000	1.124E-05	1.202E-07	5.784E-07	3.936E-08	3.00E-06	5.00E-10
-253	0	0	24.058	3.434	1.00E-30	111.37	8.84	0.68000	1.126E-05	1.200E-07	5.769E-07	3.930E-08	3.00E-06	5.00E-10
-254	0	0	24.119	3.543	1.00E-30	111.37	8.83	0.68000	1.128E-05	1.198E-07	5.753E-07	3.923E-08	3.00E-06	5.00E-10
-255	0	0	24.207	3.716	1.00E-30	111.36	8.83	3.18065	1.166E-05	1.190E-07	5.654E-07	3.844E-08	3.00E-06	5.00E-10
-256	0	0	24.286	3.952	1.00E-30	111.35	8.83	3.24645	1.207E-05	1.181E-07	5.546E-07	3.758E-08	3.00E-06	5.00E-10
-257	0	0	24.366	4.163	1.00E-30	111.34	8.82	3.31226	1.249E-05	1.172E-07	5.438E-07	3.672E-08	3.00E-06	5.00E-10
-258	0	0	24.473	4.393	1.00E-30	111.34	8.82	3.37806	1.291E-05	1.163E-07	5.330E-07	3.586E-08	3.00E-06	5.00E-10
-259	0	0	24.578	4.569	1.00E-30	111.33	8.82	3.44387	1.332E-05	1.154E-07	5.223E-07	3.500E-08	3.00E-06	5.00E-10
-260	0	0	24.672	4.705	1.00E-30	111.32	8.82	3.50968	1.374E-05	1.145E-07	5.115E-07	3.413E-08	3.00E-06	5.00E-10
-261	0	0	24.748	4.809	1.00E-30	111.32	8.82	3.57548	1.415E-05	1.136E-07	5.007E-07	3.327E-08	3.00E-06	5.00E-10
-262	0	0	24.793	4.877	1.00E-30	111.31	8.81	3.64129	1.457E-05	1.127E-07	4.899E-07	3.241E-08	3.00E-06	5.00E-10
-263	0	0	24.828	4.911	1.00E-30	111.30	8.81	3.70710	1.499E-05	1.118E-07	4.791E-07	3.155E-08	3.00E-06	5.00E-10
-264	0	0	24.855	4.942	1.00E-30	111.29	8.81	3.77290	1.540E-05	1.109E-07	4.684E-07	3.069E-08	3.00E-06	5.00E-10
-265	0	0	24.878	4.966	1.00E-30	111.29	8.81	3.83871	1.582E-05	1.100E-07	4.576E-07	2.983E-08	3.00E-06	5.00E-10
-266	0	0	24.891	4.983	1.00E-30	111.28	8.80	3.90452	1.623E-05	1.091E-07	4.468E-07	2.897E-08	3.00E-06	5.00E-10
-267	0	0	24.905	4.993	1.00E-30	111.27	8.80	3.97032	1.665E-05	1.082E-07	4.360E-07	2.811E-08	3.00E-06	5.00E-10
-268	0	0	24.913	5.008	1.00E-30	111.27	8.80	4.03613	1.707E-05	1.073E-07	4.252E-07	2.724E-08	3.00E-06	5.00E-10
-269	0	0	24.930	5.008	1.00E-30	111.26	8.80	4.10194	1.748E-05	1.065E-07	4.145E-07	2.638E-08	3.00E-06	5.00E-10
-270	0	0	24.935	5.012	1.00E-30	111.25	8.79	4.16774	1.790E-05	1.056E-07	4.037E-07	2.552E-08	3.00E-06	5.00E-10
-271	0	0	24.938	5.015	1.00E-30	111.24	8.79	4.23355	1.831E-05	1.047E-07	3.929E-07	2.466E-08	3.00E-06	5.00E-10
-272	0	0	24.943	5.021	1.00E-30	111.24	8.79	4.29935	1.873E-05	1.038E-07	3.821E-07	2.380E-08	3.00E-06	5.00E-10
-273	0	0	24.948	5.025	1.00E-30	111.23	8.79	4.36516	1.914E-05	1.029E-07	3.713E-07	2.294E-08	3.00E-06	5.00E-10
-274	0	0	24.954	5.029	1.00E-30	111.23	8.79	4.43097	1.917E-05	1.026E-07	3.696E-07	2.286E-08	3.00E-06	5.00E-10
-275	0	0	24.960	5.031	1.00E-30	111.23	8.79	4.49677	1.920E-05	1.023E-07	3.679E-07	2.278E-08	3.00E-06	5.00E-10
-276	0	0	24.963	5.034	1.00E-30	111.23	8.79	4.56258	1.923E-05	1.020E-07	3.662E-07	2.270E-08	3.00E-06	5.00E-10
-277	0	0	24.970	5.038	1.00E-30	111.22	8.78	4.62839	1.925E-05	1.018E-07	3.645E-07	2.262E-08	3.00E-06	5.00E-10
-278	0	0	24.975	5.042	1.00E-30	111.22	8.78	4.69419	1.928E-05	1.015E-07	3.628E-07	2.254E-08	3.00E-06	5.00E-10
-279	0	0	24.979	5.043	1.00E-30	111.22	8.78	4.76000	1.931E-05	1.012E-07	3.611E-07	2.246E-08	3.00E-06	5.00E-10
-280	0	0	24.981	5.048	1.00E-30	111.22	8.78	4.72855	1.933E-05	1.009E-07	3.594E-07	2.239E-08	3.00E-06	5.00E-10
-281	0	0	24.984	5.051	1.00E-30	111.22	8.78	4.69710	1.936E-05	1.006E-07	3.577E-07	2.231E-08	3.00E-06	5.00E-10
-282	0	0	24.988	5.052	1.00E-30	111.23	8.78	4.66565	1.939E-05	1.004E-07	3.560E-07	2.223E-08	3.00E-06	5.00E-10
-283	0	0	24.991	5.053	1.00E-30	111.23	8.78	4.63420	1.941E-05	1.001E-07	3.543E-07	2.215E-08	3.00E-06	5.00E-10
-284	0	0	24.996	5.055	1.00E-30	111.23	8.79	4.60275	1.944E-05	9.981E-08	3.526E-07	2.207E-08	3.00E-06	5.00E-10
-285	0	0	24.998	5.062	1.00E-30	111.23	8.79	4.57130	1.947E-05	9.954E-08	3.509E-07	2.199E-08	3.00E-06	5.00E-10
-286	0	0	25.007	5.062	1.00E-30	111.23	8.79	4.53986	1.949E-05	9.926E-08	3.492E-07	2.192E-08	3.00E-06	5.00E-10
-287	0	0	25.010	5.062	1.00E-30	111.23	8.79	4.50841	1.952E-05	9.898E-08	3.475E-07	2.184E-08	3.00E-06	5.00E-10
-288	0	0	25.011	5.064	1.00E-30	111.23	8.79	4.47696	1.955E-05	9.870E-08	3.458E-07	2.176E-08	3.00E-06	5.00E-10
-289	0	0	25.016	5.065	1.00E-30	111.23	8.79	4.44551	1.957E-05	9.843E-08	3.441E-07	2.168E-08	3.00E-06	5.00E-10
-290	0	0	25.016	5.071	1.00E-30	111.23	8.79	4.41406	1.960E-05	9.815E-08	3.424E-07	2.160E-08	3.00E-06	5.00E-10
-291	0	0	25.019	5.072	1.00E-30	111.23	8.79	4.38261	1.963E-05	9.787E-08	3.407E-07	2.152E-08	3.00E-06	5.00E-10
-292	0	0	25.026	5.074	1.00E-30	111.23	8.79	4.35116	1.965E-05	9.760E-08	3.390E-07	2.145E-08	3.00E-06	5.00E-10
-293	0	0	25.028	5.074	1.00E-30	111.23	8.79	4.31971	1.968E-05	9.732E-08	3.373E-07	2.137E-08	3.00E-06	5.00E-10
-294	0	0	25.033	5.075	1.00E-30	111.23	8.79	4.28826	1.971E-05	9.704E-08	3.356E-07	2.129E-08	3.00E-06	5.00E-10
-295	0	0	25.040	5.079	1.00E-30	111.23	8.79	4.25681	1.974E-05	9.688E-08	3.346E-07	2.127E-08	3.00E-06	5.00E-10
-296	0	0	25.043	5.081	1.00E-30	111.23	8.79	4.22536	1.978E-05	9.683E-08	3.343E-07	2.131E-08	3.00E-06	5.00E-10
-297	0	0	25.049	5.084	1.00E-30	111.23	8.79	4.19391	1.982E-05	9.678E-08	3.341E-07	2.135E-08	3.00E-06	5.00E-10
-298	0	0	25.057	5.090	1.00E-30	111.22	8.79	4.16246	1.986E-05	9.672E-08	3.338E-07	2.139E-08	3.00E-06	5.00E-10
-299	0	0	25.067	5.092	1.00E-30	111.22	8.78	4.13101	1.990E-05	9.667E-08	3.335E-07	2.142E-08	3.00E-06	5.00E-10
-300	0	0	25.076	5.100	1.00E-30	111.22	8.78	4.09957	1.994E-05	9.662E-08	3.332E-07	2.146E-08	3.00E-06	5.00E-10
-301	0	0	25.083	5.108	1.00E-30	111.22	8.78	4.06812	1.998E-05	9.657E-08	3.329E-07	2.150E-08	3.00E-06	5.00E-10
-302	0	0	25.093	5.114	1.00E-30	111.22	8.78	4.03667	2.002E-05	9.651E-08	3.326E-07	2.154E-08	3.00E-06	5.00E-10
-303	0	0	25.106	5.124	1.00E-30	111.22	8.78	4.00522	2.005E-05	9.646E-08	3.323E-07	2.157E-08	3.00E-06	5.00E-10
-304	0	0	25.118	5.133	1.00E-30	111.22	8.78	3.97377	2.009E-05	9.641E-08	3.320E-07	2.161E-08	3.00E-06	5.00E-10
-305	0	0	25.132	5.149	1.00E-30	111.21	8.78	3.94232	2.013E-05	9.636E-08	3.317E-07	2.165E-08	3.00E-06	5.00E-10
-306	0	0	25.147	5.169	1.00E-30	111.21	8.78	3.91087	2.017E-05	9.631E-08	3.314E-07	2.169E-08	3.00E-06	5.00E-10
-307	0	0	25.160	5.189	1.00E-30	111.21	8.78	3.87942	2.021E-05	9.625E-08	3.311E-07	2.173E-08	3.00E-06	5.00E-10
-308	0	0	25.175	5.208	1.00E-30	111.21	8.78	3.84797	2.025E-05	9.620E-08	3.309E-07	2.176E-08	3.00E-06	5.00E-10
-309	0	0	25.198	5.231	1.00E-30	111.21	8.78	3.81652	2.029E-05	9.615E-08	3.306E-07	2.180E-08	3.00E-06	5.00E-10
-310	0	0	25.219	5.257	1.00E-30	111.21	8.78	3.78507	2.033E-05	9.610E-08	3.303E-07	2.184E-08	3.00E-06	5.00E-10
-311	0	0	25.241	5.291	1.00E-30	111.21	8.78	3.75362	2.037E-05	9.604E-08	3.300E-07	2.188E-08	3.00E-06	5.00E-10
-312	0	0	25.270	5.329	1.00E-30	111.20	8.78	3.72217	2.041E-05	9.599E-08	3.297E-07	2.192E-08	3.00E-06	5.00E-10
-313	0	0	25.296	5.355	1.00E-30	111.20	8.78	3.69072	2.045E-05	9.594E-08	3.294E-07	2.195E-08	3.00E-06	5.00E-10
-314	0	0	25.319	5.386	1.00E-30	111.20	8.77	3.65928	2.049E-05	9.589E-08	3.291E-07	2.199E-08	3.00E-06	5.00E-10
-315	0	0	25.342	5.407	1.00E-30	111.20	8.77	3.62783	2.053E-05	9.583E-08	3.288E-07	2.203E-08	3.00E-06	5.00E-10
-316	0	0	25.371	5.441	1.00E-30	111.20	8.77	3.59638	2.057E-05	9.578E-08	3.285E-07	2.207E-08	3.00E-06	5.00E-10
-317	0	0	25.391	5.462	1.00E-30	111.20	8.77	3.56493	2.061E-05	9.573E-08	3.282E-07	2.210E-08	3.00E-06	5.00E-10
-318	0	0	25.408	5.476	1.00E-30	111.20	8.77	3.53348	2.065E-05	9.568E-08	3.279E-07	2.214E-08	3.00E-06	5.00E-10
-319	0	0	25.430	5.500	1.00E-30	111.19	8.77	3.50203	2.069E-05	9.563E-08	3.276E-07	2.218E-08	3.00E-06	5.00E-10
-320	0	0	25.449	5.518	1.00E-30	111.19	8.77	3.47058	2.073E-05	9.557E-08	3.274E-07	2.222E-08	3.00E-06	5.00E-10
-321	0	0	25.471	5.531	1.00E-30	111.19	8.77	3.43913	2.076E-05	9.552E-08	3.271E-07	2.226E-08	3.00E-06	5.00E-10
-322	0	0	25.485	5.545	1.00E-30	111.19	8.77	3.40768	2.080E-05	9.547E-08	3.268E-07	2.229E-08	3.00E-06	5.00E-10
-323	0	0	25.498	5.554	1.00E-30	111.19	8.77	3.37623	2.084E-05	9.542E-08	3.265E-07	2.233E-08	3.00E-06	5.00E-10
-324	0	0	25.507	5.566	1.00E-30	111.19	8.77	3.34478	2.088E-05	9.536E-08	3.262E-07	2.237E-08	3.00E-06	5.00E-10
-325	0	0	25.520	5.570	1.00E-30	111.18	8.77	3.31333	2.092E-05	9.531E-08	3.259E-07	2.241E-08	3.00E-06	5.00E-10
-326	0	0	25.531	5.582	1.00E-30	111.18	8.77	3.28188	2.096E-05	9.526E-08	3.256E-07	2.244E-08	3.00E-06	5.00E-10
-327	0	0	25.544	5.592	1.00E-30	111.18	8.77	3.25043	2.100E-05	9.521E-08	3.253E-07	2.248E-08	3.00E-06	5.00E-10
-328	0	0	25.554	5.604	1.00E-30	111.18	8.77	3.21899	2.104E-05	9.515E-08	3.250E-07	2.252E-08	3.00E-06	5.00E-10
-329	0	0	25.563	5.615	1.00E-30	111.18	8.76	3.18754	2.108E-05	9.510E-08	3.247E-07	2.256E-08	3.00E-06	5.00E-10
-330	0	0	25.578	5.619	1.00E-30	111.18	8.76	3.15609	2.112E-05	9.505E-08	3.244E-07	2.260E-08	3.00E-06	5.00E-10
-331	0	0	25.586	5.623	1.00E-30	111.18	8.76	3.12464	2.116E-05	9.500E-08	3.242E-07	2.263E-08	3.00E-06	5.00E-10
-332	0	0	25.596	5.632	1.00E-30	111.17	8.76	3.09319	2.120E-05	9.495E-08	3.239E-07	2.267E-08	3.00E-06	5.00E-10
-333	0	0	25.603	5.635	1.00E-30	111.17	8.76	3.06174	2.124E-05	9.489E-08	3.236E-07	2.271E-08	3.00E-06	5.00E-10
-334	0	0	25.614	5.640	1.00E-30	111.17	8.76	3.03029	2.128E-05	9.484E-08	3.233E-07	2.275E-08	3.00E-06	5.00E-10
-335	0	0	25.619	5.642	1.00E-30	111.17	8.76	2.99884	2.132E-05	9.479E-08	3.230E-07	2.279E-08	3.00E-06	5.00E-10
-336	0	0	25.624	5.646	1.00E-30	111.17	8.76	2.96739	2.136E-05	9.474E-08	3.227E-07	2.282E-08	3.00E-06	5.00E-10
-337	0	0	25.634	5.647	1.00E-30	111.17	8.76	2.93594	2.140E-05	9.468E-08	3.224E-07	2.286E-08	3.00E-06	5.00E-10
-338	0	0	25.636	5.652	1.00E-30	111.17	8.76	2.90449	2.161E-05	9.450E-08	3.226E-07	2.286E-08	3.00E-06	5.00E-10
-339	0	0	25.641	5.653	1.00E-30	111.16	8.76	2.87304	2.194E-05	9.423E-08	3.232E-07	2.282E-08	3.00E-06	5.00E-10
-340	0	0	25.645	5.656	1.00E-30	111.16	8.76	2.84159	2.228E-05	9.395E-08	3.238E-07	2.278E-08	3.00E-06	5.00E-10
-341	0	0	25.650	5.656	1.00E-30	111.16	8.76	2.81014	2.261E-05	9.368E-08	3.243E-07	2.275E-08	3.00E-06	5.00E-10
-342	0	0	25.650	5.657	1.00E-30	111.16	8.76	2.77870	2.295E-05	9.340E-08	3.249E-07	2.271E-08	3.00E-06	5.00E-10
-343	0	0	25.656	5.659	1.00E-30	111.16	8.76	2.74725	2.328E-05	9.313E-08	3.255E-07	2.267E-08	3.00E-06	5.00E-10
-344	0	0	25.657	5.660	1.00E-30	111.16	8.75	2.71580	2.362E-05	9.285E-08	3.260E-07	2.264E-08	3.00E-06	5.00E-10
-345	0	0	25.660	5.662	1.00E-30	111.16	8.75	2.68435	2.395E-05	9.257E-08	3.266E-07	2.260E-08	3.00E-06	5.00E-10
-346	0	0	25.667	5.662	1.00E-30	111.16	8.75	2.65290	2.429E-05	9.230E-08	3.272E-07	2.256E-08	3.00E-06	5.00E-10
-347	0	0	25.671	5.660	1.00E-30	111.15	8.75	2.62145	2.462E-05	9.202E-08	3.278E-07	2.253E-08	3.00E-06	5.00E-10
-348	0	0	25.671	5.664	1.00E-30	111.15	8.75	2.59000	2.482E-05	9.180E-08	3.283E-07	2.249E-08	3.00E-06	5.00E-10
-349	0	0	25.672	5.663	1.00E-30	111.15	8.75	2.55000	2.475E-05	9.167E-08	3.289E-07	2.245E-08	3.00E-06	5.00E-10
-350	0	0	25.674	5.665	1.00E-30	111.15	8.75	2.51000	2.468E-05	9.154E-08	3.295E-07	2.242E-08	3.00E-06	5.00E-10
-351	0	0	25.678	5.666	1.00E-30	111.15	8.75	2.47000	2.461E-05	9.141E-08	3.300E-07	2.238E-08	3.00E-06	5.00E-10
-352	0	0	25.684	5.665	1.00E-30	111.15	8.75	2.43000	2.455E-05	9.128E-08	3.306E-07	2.235E-08	3.00E-06	5.00E-10
-353	0	0	25.678	5.667	1.00E-30	111.15	8.75	2.39000	2.448E-05	9.115E-08	3.312E-07	2.231E-08	3.00E-06	5.00E-10
-354	0	0	25.679	5.667	1.00E-30	111.15	8.75	2.35000	2.441E-05	9.102E-08	3.318E-07	2.227E-08	3.00E-06	5.00E-10
-355	0	0	25.681	5.667	1.00E-30	111.15	8.75	2.31000	2.434E-05	9.089E-08	3.323E-07	2.224E-08	3.00E-06	5.00E-10
-356	0	0	25.684	5.668	1.00E-30	111.15	8.75	2.27000	2.428E-05	9.076E-08	3.329E-07	2.220E-08	3.00E-06	5.00E-10
-357	0	0	25.685	5.669	1.00E-30	111.15	8.75	2.23000	2.421E-05	9.063E-08	3.335E-07	2.216E-08	3.00E-06	5.00E-10
-358	0	0	25.689	5.669	1.00E-30	111.14	8.75	2.19000	2.414E-05	9.050E-08	3.341E-07	2.213E-08	3.00E-06	5.00E-10
-359	0	0	25.692	5.669	1.00E-30	111.14	8.74	2.15000	2.408E-05	9.037E-08	3.346E-07	2.209E-08	3.00E-06	5.00E-10
-360	0	0	25.694	5.669	1.00E-30	111.14	8.74	2.11000	2.401E-05	9.024E-08	3.352E-07	2.205E-08	3.00E-06	5.00E-10
-361	0	0	25.697	5.672	1.00E-30	111.14	8.74	2.07000	2.394E-05	9.010E-08	3.358E-07	2.202E-08	3.00E-06	5.00E-10
-362	0	0	25.699	5.673	1.00E-30	111.14	8.74	2.03000	2.387E-05	8.997E-08	3.363E-07	2.198E-08	3.00E-06	5.00E-10
-363	0	0	25.701	5.674	1.00E-30	111.14	8.74	1.99000	2.381E-05	8.984E-08	3.369E-07	2.194E-08	3.00E-06	5.00E-10
-364	0	0	25.702	5.675	1.00E-30	111.14	8.74	1.95000	2.374E-05	8.971E-08	3.375E-07	2.191E-08	3.00E-06	5.00E-10
-365	0	0	25.705	5.677	1.00E-30	111.14	8.74	1.91000	2.367E-05	8.958E-08	3.381E-07	2.187E-08	3.00E-06	5.00E-10
-366	0	0	25.708	5.678	1.00E-30	111.14	8.74	1.87000	2.360E-05	8.945E-08	3.386E-07	2.184E-08	3.00E-06	5.00E-10
-367	0	0	25.710	5.680	1.00E-30	111.14	8.74	1.83000	2.354E-05	8.932E-08	3.392E-07	2.180E-08	3.00E-06	5.00E-10
-368	0	0	25.711	5.682	1.00E-30	111.14	8.74	1.79000	2.347E-05	8.919E-08	3.398E-07	2.176E-08	3.00E-06	5.00E-10
-369	0	0	25.713	5.683	1.00E-30	111.13	8.74	1.75000	2.347E-05	8.917E-08	3.382E-07	2.163E-08	3.00E-06	5.00E-10
-370	0	0	25.719	5.685	1.00E-30	111.13	8.74	1.71000	2.347E-05	8.916E-08	3.364E-07	2.149E-08	3.00E-06	5.00E-10
-371	0	0	25.725	5.689	1.00E-30	111.13	8.74	1.67000	2.347E-05	8.915E-08	3.346E-07	2.135E-08	3.00E-06	5.00E-10
-372	0	0	25.730	5.693	1.00E-30	111.13	8.74	1.63000	2.347E-05	8.914E-08	3.329E-07	2.121E-08	3.00E-06	5.00E-10
-373	0	0	25.737	5.698	1.00E-30	111.13	8.73	1.59000	2.347E-05	8.913E-08	3.311E-07	2.107E-08	3.00E-06	5.00E-10
-374	0	0	25.743	5.701	1.00E-30	111.13	8.73	1.55000	2.347E-05	8.912E-08	3.293E-07	2.093E-08	3.00E-06	5.00E-10
-375	0	0	25.751	5.703	1.00E-30	111.13	8.73	1.51000	2.347E-05	8.911E-08	3.275E-07	2.079E-08	3.00E-06	5.00E-10
-376	0	0	25.759	5.707	1.00E-30	111.13	8.73	1.47000	2.347E-05	8.910E-08	3.257E-07	2.065E-08	3.00E-06	5.00E-10
-377	0	0	25.766	5.714	1.00E-30	111.13	8.73	1.43000	2.347E-05	8.909E-08	3.239E-07	2.051E-08	3.00E-06	5.00E-10
-378	0	0	25.773	5.718	1.00E-30	111.13	8.73	1.39000	2.347E-05	8.908E-08	3.221E-07	2.037E-08	3.00E-06	5.00E-10
-379	0	0	25.780	5.721	1.00E-30	111.13	8.73	1.35000	2.347E-05	8.907E-08	3.203E-07	2.023E-08	3.00E-06	5.00E-10
-380	0	0	25.786	5.726	1.00E-30	111.12	8.73	1.31000	2.347E-05	8.906E-08	3.185E-07	2.009E-08	3.00E-06	5.00E-10
-381	0	0	25.793	5.727	1.00E-30	111.12	8.73	1.27000	2.347E-05	8.905E-08	3.168E-07	1.995E-08	3.00E-06	5.00E-10
-382	0	0	25.800	5.732	1.00E-30	111.12	8.73	1.23000	2.347E-05	8.904E-08	3.150E-07	1.981E-08	3.00E-06	5.00E-10
-383	0	0	25.806	5.737	1.00E-30	111.12	8.73	1.19000	2.347E-05	8.903E-08	3.132E-07	1.967E-08	3.00E-06	5.00E-10
-384	0	0	25.814	5.740	1.00E-30	111.12	8.73	1.15000	2.347E-05	8.902E-08	3.114E-07	1.953E-08	3.00E-06	5.00E-10
-385	0	0	25.823	5.744	1.00E-30	111.12	8.73	1.11000	2.347E-05	8.901E-08	3.096E-07	1.939E-08	3.00E-06	5.00E-10
-386	0	0	25.830	5.747	1.00E-30	111.12	8.73	1.07000	2.347E-05	8.900E-08	3.078E-07	1.925E-08	3.00E-06	5.00E-10
-387	0	0	25.838	5.753	1.00E-30	111.12	8.73	1.03000	2.347E-05	8.899E-08	3.060E-07	1.911E-08	3.00E-06	5.00E-10
-388	0	0	25.849	5.757	1.00E-30	111.12	8.73	0.99000	2.347E-05	8.898E-08	3.042E-07	1.897E-08	3.00E-06	5.00E-10
-389	0	0	25.858	5.758	1.00E-30	111.12	8.73	0.95000	2.347E-05	8.897E-08	3.025E-07	1.883E-08	3.00E-06	5.00E-10
-390	0	0	25.867	5.764	1.00E-30	111.12	8.73	0.91000	2.347E-05	8.894E-08	3.007E-07	1.869E-08	3.00E-06	5.00E-10
-391	0	0	25.875	5.769	1.00E-30	111.12	8.73	0.87000	2.347E-05	8.888E-08	2.989E-07	1.855E-08	3.00E-06	5.00E-10
-392	0	0	25.880	5.775	1.00E-30	111.12	8.73	0.83000	2.347E-05	8.881E-08	2.971E-07	1.841E-08	3.00E-06	5.00E-10
-393	0	0	25.883	5.779	1.00E-30	111.12	8.73	0.79000	2.347E-05	8.875E-08	2.953E-07	1.827E-08	3.00E-06	5.00E-10
-394	0	0	25.890	5.782	1.00E-30	111.13	8.73	0.75000	2.347E-05	8.869E-08	2.935E-07	1.813E-08	3.00E-06	5.00E-10
-395	0	0	25.895	5.787	1.00E-30	111.13	8.73	0.71000	2.347E-05	8.863E-08	2.917E-07	1.799E-08	3.00E-06	5.00E-10
-396	0	0	25.901	5.790	1.00E-30	111.13	8.73	0.67000	2.347E-05	8.857E-08	2.899E-07	1.785E-08	3.00E-06	5.00E-10
-397	0	0	25.909	5.792	1.00E-30	111.13	8.73	0.63000	2.347E-05	8.850E-08	2.881E-07	1.771E-08	3.00E-06	5.00E-10
-398	0	0	25.915	5.795	1.00E-30	111.13	8.73	0.63000	2.347E-05	8.844E-08	2.864E-07	1.756E-08	3.00E-06	5.00E-10
-399	0	0	25.921	5.798	1.00E-30	111.13	8.73	0.63000	2.347E-05	8.838E-08	2.846E-07	1.742E-08	3.00E-06	5.00E-10
-400	0	0	25.925	5.802	1.00E-30	111.13	8.73	0.63000	2.347E-05	8.832E-08	2.828E-07	1.728E-08	3.00E-06	5.00E-10
-401	0	0	25.928	5.805	1.00E-30	111.13	8.73	0.63000	2.347E-05	8.825E-08	2.810E-07	1.714E-08	3.00E-06	5.00E-10
-402	0	0	25.932	5.806	1.00E-30	111.13	8.74	0.63000	2.347E-05	8.819E-08	2.792E-07	1.700E-08	3.00E-06	5.00E-10
-403	0	0	25.937	5.808	1.00E-30	111.13	8.74	0.63000	2.347E-05	8.813E-08	2.774E-07	1.686E-08	3.00E-06	5.00E-10
-404	0	0	25.937	5.810	1.00E-30	111.13	8.74	0.63000	2.347E-05	8.807E-08	2.756E-07	1.672E-08	3.00E-06	5.00E-10
-405	0	0	25.938	5.810	1.00E-30	111.13	8.74	0.63000	2.347E-05	8.801E-08	2.738E-07	1.658E-08	3.00E-06	5.00E-10
-406	0	0	25.942	5.813	1.00E-30	111.13	8.74	0.63000	2.347E-05	8.794E-08	2.721E-07	1.644E-08	3.00E-06	5.00E-10
-407	0	0	25.945	5.813	1.00E-30	111.13	8.74	0.63000	2.347E-05	8.788E-08	2.703E-07	1.630E-08	3.00E-06	5.00E-10
-408	0	0	25.947	5.815	1.00E-30	111.13	8.74	0.63000	2.347E-05	8.782E-08	2.703E-07	1.630E-08	3.00E-06	5.00E-10
-409	0	0	25.950	5.817	1.00E-30	111.13	8.74	0.63000	2.347E-05	8.771E-08	2.703E-07	1.630E-08	3.00E-06	5.00E-10
-410	0	0	25.953	5.816	1.00E-30	111.13	8.74	0.63000	2.347E-05	8.760E-08	2.703E-07	1.630E-08	3.00E-06	5.00E-10
-411	0	0	25.955	5.816	1.00E-30	111.13	8.74	0.63000	2.347E-05	8.749E-08	2.703E-07	1.630E-08	3.00E-06	5.00E-10
-412	0	0	25.956	5.820	1.00E-30	111.13	8.74	0.63000	2.347E-05	8.738E-08	2.703E-07	1.630E-08	3.00E-06	5.00E-10
-413	0	0	25.959	5.820	1.00E-30	111.13	8.74	0.63000	2.347E-05	8.727E-08	2.703E-07	1.630E-08	3.00E-06	5.00E-10
-414	0	0	25.958	5.820	1.00E-30	111.13	8.74	0.63000	2.347E-05	8.716E-08	2.703E-07	1.630E-08	3.00E-06	5.00E-10
-415	0	0	25.960	5.820	1.00E-30	111.13	8.74	0.63000	2.347E-05	8.705E-08	2.703E-07	1.630E-08	3.00E-06	5.00E-10
-416	0	0	25.962	5.820	1.00E-30	111.13	8.74	0.63000	2.347E-05	8.695E-08	2.703E-07	1.630E-08	3.00E-06	5.00E-10
-417	0	0	25.963	5.820	1.00E-30	111.13	8.74	0.63000	2.347E-05	8.684E-08	2.703E-07	1.630E-08	3.00E-06	5.00E-10
-418	0	0	25.963	5.822	1.00E-30	111.13	8.74	0.63000	2.347E-05	8.673E-08	2.703E-07	1.630E-08	3.00E-06	5.00E-10
-419	0	0	25.966	5.822	1.00E-30	111.13	8.74	0.63000	2.347E-05	8.662E-08	2.703E-07	1.630E-08	3.00E-06	5.00E-10
-420	0	0	25.969	5.821	1.00E-30	111.13	8.74	0.63000	2.347E-05	8.651E-08	2.703E-07	1.630E-08	3.00E-06	5.00E-10
-421	0	0	25.974	5.821	1.00E-30	111.13	8.74	0.63000	2.347E-05	8.640E-08	2.703E-07	1.630E-08	3.00E-06	5.00E-10
-422	0	0	25.976	5.821	1.00E-30	111.13	8.74	0.63000	2.347E-05	8.629E-08	2.703E-07	1.630E-08	3.00E-06	5.00E-10
-423	0	0	25.975	5.819	1.00E-30	111.13	8.74	0.63000	2.347E-05	8.618E-08	2.703E-07	1.630E-08	3.00E-06	5.00E-10
-424	0	0	25.975	5.819	1.00E-30	111.13	8.74	0.63000	2.347E-05	8.607E-08	2.703E-07	1.630E-08	3.00E-06	5.00E-10
-425	0	0	25.974	5.817	1.00E-30	111.13	8.74	0.63000	2.347E-05	8.597E-08	2.703E-07	1.630E-08	3.00E-06	5.00E-10
-426	0	0	25.967	5.820	1.00E-30	111.13	8.74	0.63000	2.347E-05	8.586E-08	2.703E-07	1.630E-08	3.00E-06	5.00E-10
-427	0	0	25.967	5.820	1.00E-30	111.13	8.74	0.63000	2.347E-05	8.575E-08	2.703E-07	1.630E-08	3.00E-06	5.00E-10
-428	0	0	25.968	5.817	1.00E-30	111.13	8.74	0.63000	2.347E-05	8.564E-08	2.703E-07	1.630E-08	3.00E-06	5.00E-10
-429	0	0	25.977	5.818	1.00E-30	111.13	8.74	0.63000	2.347E-05	8.553E-08	2.703E-07	1.630E-08	3.00E-06	5.00E-10
-430	0	0	25.980	5.822	1.00E-30	111.13	8.74	0.63000	2.347E-05	8.542E-08	2.703E-07	1.630E-08	3.00E-06	5.00E-10
-431	0	0	25.983	5.822	1.00E-30	111.13	8.74	0.63000	2.347E-05	8.531E-08	2.703E-07	1.630E-08	3.00E-06	5.00E-10
-432	0	0	25.984	5.823	1.00E-30	111.13	8.74	0.63000	2.347E-05	8.520E-08	2.703E-07	1.630E-08	3.00E-06	5.00E-10
-433	0	0	25.989	5.823	1.00E-30	111.13	8.74	0.63000	2.347E-05	8.509E-08	2.703E-07	1.630E-08	3.00E-06	5.00E-10
-434	0	0	25.983	5.827	1.00E-30	111.13	8.74	0.63000	2.347E-05	8.498E-08	2.703E-07	1.630E-08	3.00E-06	5.00E-10
-435	0	0	25.984	5.829	1.00E-30	111.13	8.74	0.63000	2.347E-05	8.488E-08	2.703E-07	1.630E-08	3.00E-06	5.00E-10
-436	0	0	25.978	5.831	1.00E-30	111.13	8.74	0.63000	2.347E-05	8.477E-08	2.703E-07	1.630E-08	3.00E-06	5.00E-10
-437	0	0	25.976	5.834	1.00E-30	111.13	8.74	0.63000	2.347E-05	8.466E-08	2.703E-07	1.630E-08	3.00E-06	5.00E-10
-438	0	0	25.982	5.834	1.00E-30	111.13	8.74	0.63000	2.347E-05	8.455E-08	2.703E-07	1.630E-08	3.00E-06	5.00E-10
-439	0	0	25.985	5.837	1.00E-30	111.13	8.74	0.63000	2.347E-05	8.444E-08	2.703E-07	1.630E-08	3.00E-06	5.00E-10
-440	0	0	25.988	5.840	1.00E-30	111.13	8.74	0.63000	2.347E-05	8.433E-08	2.703E-07	1.630E-08	3.00E-06	5.00E-10
-441	0	0	25.991	5.840	1.00E-30	111.13	8.74	0.63000	2.347E-05	8.433E-08	2.703E-07	1.630E-08	3.00E-06	5.00E-10
-442	0	0	25.994	5.843	1.00E-30	111.13	8.74	0.63000	2.347E-05	8.433E-08	2.703E-07	1.630E-08	3.00E-06	5.00E-10
-443	0	0	25.998	5.845	1.00E-30	111.13	8.74	0.63000	2.347E-05	8.433E-08	2.703E-07	1.630E-08	3.00E-06	5.00E-10
-444	0	0	25.999	5.847	1.00E-30	111.13	8.74	0.63000	2.347E-05	8.433E-08	2.703E-07	1.630E-08	3.00E-06	5.00E-10
-445	0	0	26.003	5.849	1.00E-30	111.13	8.74	0.63000	2.347E-05	8.433E-08	2.703E-07	1.630E-08	3.00E-06	5.00E-10
-446	0	0	26.007	5.850	1.00E-30	111.13	8.74	0.63000	2.347E-05	8.433E-08	2.703E-07	1.630E-08	3.00E-06	5.00E-10
-447	0	0	26.010	5.852	1.00E-30	111.13	8.74	0.63000	2.347E-05	8.433E-08	2.703E-07	1.630E-08	3.00E-06	5.00E-10
-448	0	0	26.015	5.851	1.00E-30	111.13	8.74	0.63000	2.347E-05	8.433E-08	2.703E-07	1.630E-08	3.00E-06	5.00E-10
-449	0	0	26.015	5.851	1.00E-30	111.13	8.74	0.63000	2.347E-05	8.433E-08	2.703E-07	1.630E-08	3.00E-06	5.00E-10
-450	0	0	26.013	5.853	1.00E-30	111.13	8.74	0.63000	2.347E-05	8.433E-08	2.703E-07	1.630E-08	3.00E-06	5.00E-10
-451	0	0	26.017	5.855	1.00E-30	111.13	8.74	0.63000	2.347E-05	8.433E-08	2.703E-07	1.630E-08	3.00E-06	5.00E-10
-452	0	0	26.018	5.854	1.00E-30	111.13	8.74	0.63000	2.347E-05	8.433E-08	2.703E-07	1.630E-08	3.00E-06	5.00E-10
-453	0	0	26.019	5.855	1.00E-30	111.13	8.74	0.63000	2.347E-05	8.433E-08	2.703E-07	1.630E-08	3.00E-06	5.00E-10
-454	0	0	26.021	5.857	1.00E-30	111.13	8.74	0.63000	2.347E-05	8.433E-08	2.703E-07	1.630E-08	3.00E-06	5.00E-10
-455	0	0	26.025	5.858	1.00E-30	111.13	8.74	0.63000	2.347E-05	8.433E-08	2.703E-07	1.630E-08	3.00E-06	5.00E-10
-456	0	0	26.026	5.857	1.00E-30	111.13	8.74	0.63000	2.347E-05	8.433E-08	2.703E-07	1.630E-08	3.00E-06	5.00E-10
-457	0	0	26.026	5.857	1.00E-30	111.13	8.74	0.63000	2.347E-05	8.433E-08	2.703E-07	1.630E-08	3.00E-06	5.00E-10
-458	0	0	26.026	5.857	1.00E-30	111.13	8.75	0.63000	2.347E-05	8.433E-08	2.703E-07	1.630E-08	3.00E-06	5.00E-10
-459	0	0	26.026	5.857	1.00E-30	111.13	8.75	0.63000	2.347E-05	8.433E-08	2.703E-07	1.630E-08	3.00E-06	5.00E-10
-460	0	0	26.028	5.856	1.00E-30	111.13	8.75	0.63000	2.347E-05	8.433E-08	2.703E-07	1.630E-08	3.00E-06	5.00E-10
-461	0	0	26.032	5.857	1.00E-30	111.13	8.75	0.63000	2.347E-05	8.433E-08	2.703E-07	1.630E-08	3.00E-06	5.00E-10
-462	0	0	26.027	5.857	1.00E-30	111.13	8.75	0.63000	2.347E-05	8.433E-08	2.703E-07	1.630E-08	3.00E-06	5.00E-10
-463	0	0	26.029	5.858	1.00E-30	111.13	8.75	0.63000	2.347E-05	8.433E-08	2.703E-07	1.630E-08	3.00E-06	5.00E-10
-464	0	0	26.031	5.859	1.00E-30	111.13	8.75	0.63000	2.347E-05	8.433E-08	2.703E-07	1.630E-08	3.00E-06	5.00E-10
-465	0	0	26.033	5.858	1.00E-30	111.13	8.75	0.63000	2.347E-05	8.433E-08	2.703E-07	1.630E-08	3.00E-06	5.00E-10
-466	0	0	26.041	5.858	1.00E-30	111.13	8.75	0.63000	2.347E-05	8.433E-08	2.703E-07	1.630E-08	3.00E-06	5.00E-10
-467	0	0	26.043	5.858	1.00E-30	111.13	8.75	0.63000	2.347E-05	8.433E-08	2.703E-07	1.630E-08	3.00E-06	5.00E-10
-468	0	0	26.043	5.858	1.00E-30	111.13	8.75	0.63000	2.347E-05	8.433E-08	2.703E-07	1.630E-08	3.00E-06	5.00E-10
-469	0	0	26.043	5.857	1.00E-30	111.13	8.75	0.63000	2.347E-05	8.433E-08	2.703E-07	1.630E-08	3.00E-06	5.00E-10
-470	0	0	26.044	5.857	1.00E-30	111.13	8.75	0.63000	2.347E-05	8.433E-08	2.703E-07	1.630E-08	3.00E-06	5.00E-10
-471	0	0	26.045	5.858	1.00E-30	111.13	8.75	0.63000	2.347E-05	8.433E-08	2.703E-07	1.630E-08	3.00E-06	5.00E-10
-472	0	0	26.047	5.858	1.00E-30	111.13	8.75	0.63000	2.347E-05	8.433E-08	2.703E-07	1.630E-08	3.00E-06	5.00E-10
-473	0	0	26.048	5.859	1.00E-30	111.13	8.75	0.63000	2.347E-05	8.433E-08	2.703E-07	1.630E-08	3.00E-06	5.00E-10
-474	0	0	26.050	5.859	1.00E-30	111.13	8.75	0.63000	2.347E-05	8.433E-08	2.703E-07	1.630E-08	3.00E-06	5.00E-10
-475	0	0	26.052	5.860	1.00E-30	111.13	8.75	0.63000	2.347E-05	8.433E-08	2.703E-07	1.630E-08	3.00E-06	5.00E-10
-476	0	0	26.056	5.860	1.00E-30	111.13	8.75	0.63000	2.347E-05	8.433E-08	2.703E-07	1.630E-08	3.00E-06	5.00E-10
-477	0	0	26.050	5.859	1.00E-30	111.13	8.75	0.63000	2.347E-05	8.433E-08	2.703E-07	1.630E-08	3.00E-06	5.00E-10
-478	0	0	26.048	5.862	1.00E-30	111.13	8.75	0.63000	2.347E-05	8.433E-08	2.703E-07	1.630E-08	3.00E-06	5.00E-10
