Depth [m]	U [m/s]	V [m/s]	T [°C]	S [permil]	Tr [TU]	18O [permil]	2H [permil]	39Ar [pm]	He [ccSTP/g]	Ne [ccSTP/g]	Ar [ccSTP/g]	Kr [ccSTP/g]	k [J/kg]	eps [W/kg]
0	0	0	23.98	2.85	1.00E-30	111.43	8.86	1.00	0.00E+00	0.00E+00	0.00E+00	0.00E+00	3.00E-06	5.00E-10
-1	0	0	23.98	2.85	1.00E-30	111.43	8.86	1.00	0.00E+00	0.00E+00	0.00E+00	0.00E+00	3.00E-06	5.00E-10
-2	0	0	23.98	2.85	1.00E-30	111.43	8.86	1.00	0.00E+00	0.00E+00	0.00E+00	0.00E+00	3.00E-06	5.00E-10
-3	0	0	23.98	2.85	1.00E-30	111.43	8.86	1.00	0.00E+00	0.00E+00	0.00E+00	0.00E+00	3.00E-06	5.00E-10
-4	0	0	23.98	2.85	1.00E-30	111.43	8.86	1.00	0.00E+00	0.00E+00	0.00E+00	0.00E+00	3.00E-06	5.00E-10
-5	0	0	23.98	2.85	1.00E-30	111.43	8.86	1.00	0.00E+00	0.00E+00	0.00E+00	0.00E+00	3.00E-06	5.00E-10
-6	0	0	23.98	2.85	1.00E-30	111.43	8.86	1.00	0.00E+00	0.00E+00	0.00E+00	0.00E+00	3.00E-06	5.00E-10
-7	0	0	23.98	2.85	1.00E-30	111.43	8.86	1.00	0.00E+00	0.00E+00	0.00E+00	0.00E+00	3.00E-06	5.00E-10
-8	0	0	23.98	2.85	1.00E-30	111.43	8.86	1.00	0.00E+00	0.00E+00	0.00E+00	0.00E+00	3.00E-06	5.00E-10
-9	0	0	23.98	2.85	1.00E-30	111.43	8.86	1.00	0.00E+00	0.00E+00	0.00E+00	0.00E+00	3.00E-06	5.00E-10
-10	0	0	23.98	2.85	1.00E-30	111.43	8.86	1.00	0.00E+00	0.00E+00	0.00E+00	0.00E+00	3.00E-06	5.00E-10
-11	0	0	23.98	2.85	1.00E-30	111.43	8.86	1.00	0.00E+00	0.00E+00	0.00E+00	0.00E+00	3.00E-06	5.00E-10
-12	0	0	23.98	2.85	1.00E-30	111.43	8.86	1.00	0.00E+00	0.00E+00	0.00E+00	0.00E+00	3.00E-06	5.00E-10
-13	0	0	23.98	2.85	1.00E-30	111.43	8.86	1.00	0.00E+00	0.00E+00	0.00E+00	0.00E+00	3.00E-06	5.00E-10
-14	0	0	23.98	2.85	1.00E-30	111.43	8.86	1.00	0.00E+00	0.00E+00	0.00E+00	0.00E+00	3.00E-06	5.00E-10
-15	0	0	23.98	2.85	1.00E-30	111.43	8.86	1.00	0.00E+00	0.00E+00	0.00E+00	0.00E+00	3.00E-06	5.00E-10
-16	0	0	23.98	2.85	1.00E-30	111.43	8.86	1.00	0.00E+00	0.00E+00	0.00E+00	0.00E+00	3.00E-06	5.00E-10
-17	0	0	23.98	2.85	1.00E-30	111.43	8.86	1.00	0.00E+00	0.00E+00	0.00E+00	0.00E+00	3.00E-06	5.00E-10
-18	0	0	23.98	2.85	1.00E-30	111.43	8.86	1.00	0.00E+00	0.00E+00	0.00E+00	0.00E+00	3.00E-06	5.00E-10
-19	0	0	23.98	2.85	1.00E-30	111.43	8.86	1.00	0.00E+00	0.00E+00	0.00E+00	0.00E+00	3.00E-06	5.00E-10
-20	0	0	23.98	2.85	1.00E-30	111.43	8.86	1.00	0.00E+00	0.00E+00	0.00E+00	0.00E+00	3.00E-06	5.00E-10
-21	0	0	23.98	2.85	1.00E-30	111.43	8.86	1.00	0.00E+00	0.00E+00	0.00E+00	0.00E+00	3.00E-06	5.00E-10
-22	0	0	23.98	2.85	1.00E-30	111.43	8.86	1.00	0.00E+00	0.00E+00	0.00E+00	0.00E+00	3.00E-06	5.00E-10
-23	0	0	23.98	2.85	1.00E-30	111.43	8.86	1.00	0.00E+00	0.00E+00	0.00E+00	0.00E+00	3.00E-06	5.00E-10
-24	0	0	23.98	2.85	1.00E-30	111.43	8.86	1.00	0.00E+00	0.00E+00	0.00E+00	0.00E+00	3.00E-06	5.00E-10
-25	0	0	23.98	2.85	1.00E-30	111.43	8.86	1.00	0.00E+00	0.00E+00	0.00E+00	0.00E+00	3.00E-06	5.00E-10
-26	0	0	23.98	2.85	1.00E-30	111.43	8.86	1.00	0.00E+00	0.00E+00	0.00E+00	0.00E+00	3.00E-06	5.00E-10
-27	0	0	23.98	2.85	1.00E-30	111.43	8.86	1.00	0.00E+00	0.00E+00	0.00E+00	0.00E+00	3.00E-06	5.00E-10
-28	0	0	23.98	2.85	1.00E-30	111.43	8.86	1.00	0.00E+00	0.00E+00	0.00E+00	0.00E+00	3.00E-06	5.00E-10
-29	0	0	23.98	2.85	1.00E-30	111.43	8.86	1.00	0.00E+00	0.00E+00	0.00E+00	0.00E+00	3.00E-06	5.00E-10
-30	0	0	23.98	2.85	1.00E-30	111.43	8.86	1.00	0.00E+00	0.00E+00	0.00E+00	0.00E+00	3.00E-06	5.00E-10
-31	0	0	23.98	2.85	1.00E-30	111.43	8.86	1.00	0.00E+00	0.00E+00	0.00E+00	0.00E+00	3.00E-06	5.00E-10
-32	0	0	23.98	2.85	1.00E-30	111.43	8.86	1.00	0.00E+00	0.00E+00	0.00E+00	0.00E+00	3.00E-06	5.00E-10
-33	0	0	23.98	2.85	1.00E-30	111.43	8.86	1.00	0.00E+00	0.00E+00	0.00E+00	0.00E+00	3.00E-06	5.00E-10
-34	0	0	23.98	2.85	1.00E-30	111.43	8.86	1.00	0.00E+00	0.00E+00	0.00E+00	0.00E+00	3.00E-06	5.00E-10
-35	0	0	23.98	2.85	1.00E-30	111.43	8.86	1.00	0.00E+00	0.00E+00	0.00E+00	0.00E+00	3.00E-06	5.00E-10
-36	0	0	23.98	2.85	1.00E-30	111.43	8.86	1.00	0.00E+00	0.00E+00	0.00E+00	0.00E+00	3.00E-06	5.00E-10
-37	0	0	23.98	2.85	1.00E-30	111.43	8.86	1.00	0.00E+00	0.00E+00	0.00E+00	0.00E+00	3.00E-06	5.00E-10
-38	0	0	23.98	2.85	1.00E-30	111.43	8.86	1.00	0.00E+00	0.00E+00	0.00E+00	0.00E+00	3.00E-06	5.00E-10
-39	0	0	23.98	2.85	1.00E-30	111.43	8.86	1.00	0.00E+00	0.00E+00	0.00E+00	0.00E+00	3.00E-06	5.00E-10
-40	0	0	23.98	2.85	1.00E-30	111.43	8.86	1.00	0.00E+00	0.00E+00	0.00E+00	0.00E+00	3.00E-06	5.00E-10
-41	0	0	23.98	2.85	1.00E-30	111.43	8.86	1.00	0.00E+00	0.00E+00	0.00E+00	0.00E+00	3.00E-06	5.00E-10
-42	0	0	23.98	2.85	1.00E-30	111.43	8.86	1.00	0.00E+00	0.00E+00	0.00E+00	0.00E+00	3.00E-06	5.00E-10
-43	0	0	23.98	2.85	1.00E-30	111.43	8.86	1.00	0.00E+00	0.00E+00	0.00E+00	0.00E+00	3.00E-06	5.00E-10
-44	0	0	23.98	2.85	1.00E-30	111.43	8.86	1.00	0.00E+00	0.00E+00	0.00E+00	0.00E+00	3.00E-06	5.00E-10
-45	0	0	23.98	2.85	1.00E-30	111.43	8.86	1.00	0.00E+00	0.00E+00	0.00E+00	0.00E+00	3.00E-06	5.00E-10
-46	0	0	23.98	2.85	1.00E-30	111.43	8.86	1.00	0.00E+00	0.00E+00	0.00E+00	0.00E+00	3.00E-06	5.00E-10
-47	0	0	23.98	2.85	1.00E-30	111.43	8.86	1.00	0.00E+00	0.00E+00	0.00E+00	0.00E+00	3.00E-06	5.00E-10
-48	0	0	23.98	2.85	1.00E-30	111.43	8.86	1.00	0.00E+00	0.00E+00	0.00E+00	0.00E+00	3.00E-06	5.00E-10
-49	0	0	23.98	2.85	1.00E-30	111.43	8.86	1.00	0.00E+00	0.00E+00	0.00E+00	0.00E+00	3.00E-06	5.00E-10
-50	0	0	23.98	2.85	1.00E-30	111.43	8.86	1.00	0.00E+00	0.00E+00	0.00E+00	0.00E+00	3.00E-06	5.00E-10
-51	0	0	23.98	2.85	1.00E-30	111.43	8.86	1.00	0.00E+00	0.00E+00	0.00E+00	0.00E+00	3.00E-06	5.00E-10
-52	0	0	23.98	2.85	1.00E-30	111.43	8.86	1.00	0.00E+00	0.00E+00	0.00E+00	0.00E+00	3.00E-06	5.00E-10
-53	0	0	23.98	2.85	1.00E-30	111.43	8.86	1.00	0.00E+00	0.00E+00	0.00E+00	0.00E+00	3.00E-06	5.00E-10
-54	0	0	23.98	2.85	1.00E-30	111.43	8.86	1.00	0.00E+00	0.00E+00	0.00E+00	0.00E+00	3.00E-06	5.00E-10
-55	0	0	23.98	2.85	1.00E-30	111.43	8.86	1.00	0.00E+00	0.00E+00	0.00E+00	0.00E+00	3.00E-06	5.00E-10
-56	0	0	23.98	2.85	1.00E-30	111.43	8.86	1.00	0.00E+00	0.00E+00	0.00E+00	0.00E+00	3.00E-06	5.00E-10
-57	0	0	23.98	2.85	1.00E-30	111.43	8.86	1.00	0.00E+00	0.00E+00	0.00E+00	0.00E+00	3.00E-06	5.00E-10
-58	0	0	23.98	2.85	1.00E-30	111.43	8.86	1.00	0.00E+00	0.00E+00	0.00E+00	0.00E+00	3.00E-06	5.00E-10
-59	0	0	23.98	2.85	1.00E-30	111.43	8.86	1.00	0.00E+00	0.00E+00	0.00E+00	0.00E+00	3.00E-06	5.00E-10
-60	0	0	23.98	2.85	1.00E-30	111.43	8.86	1.00	0.00E+00	0.00E+00	0.00E+00	0.00E+00	3.00E-06	5.00E-10
-61	0	0	23.98	2.85	1.00E-30	111.43	8.86	1.00	0.00E+00	0.00E+00	0.00E+00	0.00E+00	3.00E-06	5.00E-10
-62	0	0	23.98	2.85	1.00E-30	111.43	8.86	1.00	0.00E+00	0.00E+00	0.00E+00	0.00E+00	3.00E-06	5.00E-10
-63	0	0	23.98	2.85	1.00E-30	111.43	8.86	1.00	0.00E+00	0.00E+00	0.00E+00	0.00E+00	3.00E-06	5.00E-10
-64	0	0	23.98	2.85	1.00E-30	111.43	8.86	1.00	0.00E+00	0.00E+00	0.00E+00	0.00E+00	3.00E-06	5.00E-10
-65	0	0	23.98	2.85	1.00E-30	111.43	8.86	1.00	0.00E+00	0.00E+00	0.00E+00	0.00E+00	3.00E-06	5.00E-10
-66	0	0	23.98	2.85	1.00E-30	111.43	8.86	1.00	0.00E+00	0.00E+00	0.00E+00	0.00E+00	3.00E-06	5.00E-10
-67	0	0	23.98	2.85	1.00E-30	111.43	8.86	1.00	0.00E+00	0.00E+00	0.00E+00	0.00E+00	3.00E-06	5.00E-10
-68	0	0	23.98	2.85	1.00E-30	111.43	8.86	1.00	0.00E+00	0.00E+00	0.00E+00	0.00E+00	3.00E-06	5.00E-10
-69	0	0	23.98	2.85	1.00E-30	111.43	8.86	1.00	0.00E+00	0.00E+00	0.00E+00	0.00E+00	3.00E-06	5.00E-10
-70	0	0	23.98	2.85	1.00E-30	111.43	8.86	1.00	0.00E+00	0.00E+00	0.00E+00	0.00E+00	3.00E-06	5.00E-10
-71	0	0	23.98	2.85	1.00E-30	111.43	8.86	1.00	0.00E+00	0.00E+00	0.00E+00	0.00E+00	3.00E-06	5.00E-10
-72	0	0	23.98	2.85	1.00E-30	111.43	8.86	1.00	0.00E+00	0.00E+00	0.00E+00	0.00E+00	3.00E-06	5.00E-10
-73	0	0	23.98	2.85	1.00E-30	111.43	8.86	1.00	0.00E+00	0.00E+00	0.00E+00	0.00E+00	3.00E-06	5.00E-10
-74	0	0	23.98	2.85	1.00E-30	111.43	8.86	1.00	0.00E+00	0.00E+00	0.00E+00	0.00E+00	3.00E-06	5.00E-10
-75	0	0	23.98	2.85	1.00E-30	111.43	8.86	1.00	0.00E+00	0.00E+00	0.00E+00	0.00E+00	3.00E-06	5.00E-10
-76	0	0	23.98	2.85	1.00E-30	111.43	8.86	1.00	0.00E+00	0.00E+00	0.00E+00	0.00E+00	3.00E-06	5.00E-10
-77	0	0	23.98	2.85	1.00E-30	111.43	8.86	1.00	0.00E+00	0.00E+00	0.00E+00	0.00E+00	3.00E-06	5.00E-10
-78	0	0	23.98	2.85	1.00E-30	111.43	8.86	1.00	0.00E+00	0.00E+00	0.00E+00	0.00E+00	3.00E-06	5.00E-10
-79	0	0	23.98	2.85	1.00E-30	111.43	8.86	1.00	0.00E+00	0.00E+00	0.00E+00	0.00E+00	3.00E-06	5.00E-10
-80	0	0	23.98	2.85	1.00E-30	111.43	8.86	1.00	0.00E+00	0.00E+00	0.00E+00	0.00E+00	3.00E-06	5.00E-10
-81	0	0	23.98	2.85	1.00E-30	111.43	8.86	1.00	0.00E+00	0.00E+00	0.00E+00	0.00E+00	3.00E-06	5.00E-10
-82	0	0	23.98	2.85	1.00E-30	111.43	8.86	1.00	0.00E+00	0.00E+00	0.00E+00	0.00E+00	3.00E-06	5.00E-10
-83	0	0	23.98	2.85	1.00E-30	111.43	8.86	1.00	0.00E+00	0.00E+00	0.00E+00	0.00E+00	3.00E-06	5.00E-10
-84	0	0	23.98	2.85	1.00E-30	111.43	8.86	1.00	0.00E+00	0.00E+00	0.00E+00	0.00E+00	3.00E-06	5.00E-10
-85	0	0	23.98	2.85	1.00E-30	111.43	8.86	1.00	0.00E+00	0.00E+00	0.00E+00	0.00E+00	3.00E-06	5.00E-10
-86	0	0	23.98	2.85	1.00E-30	111.43	8.86	1.00	0.00E+00	0.00E+00	0.00E+00	0.00E+00	3.00E-06	5.00E-10
-87	0	0	23.98	2.85	1.00E-30	111.43	8.86	1.00	0.00E+00	0.00E+00	0.00E+00	0.00E+00	3.00E-06	5.00E-10
-88	0	0	23.98	2.85	1.00E-30	111.43	8.86	1.00	0.00E+00	0.00E+00	0.00E+00	0.00E+00	3.00E-06	5.00E-10
-89	0	0	23.98	2.85	1.00E-30	111.43	8.86	1.00	0.00E+00	0.00E+00	0.00E+00	0.00E+00	3.00E-06	5.00E-10
-90	0	0	23.98	2.85	1.00E-30	111.43	8.86	1.00	0.00E+00	0.00E+00	0.00E+00	0.00E+00	3.00E-06	5.00E-10
-91	0	0	23.98	2.85	1.00E-30	111.43	8.86	1.00	0.00E+00	0.00E+00	0.00E+00	0.00E+00	3.00E-06	5.00E-10
-92	0	0	23.98	2.85	1.00E-30	111.43	8.86	1.00	0.00E+00	0.00E+00	0.00E+00	0.00E+00	3.00E-06	5.00E-10
-93	0	0	23.98	2.85	1.00E-30	111.43	8.86	1.00	0.00E+00	0.00E+00	0.00E+00	0.00E+00	3.00E-06	5.00E-10
-94	0	0	23.98	2.85	1.00E-30	111.43	8.86	1.00	0.00E+00	0.00E+00	0.00E+00	0.00E+00	3.00E-06	5.00E-10
-95	0	0	23.98	2.85	1.00E-30	111.43	8.86	1.00	0.00E+00	0.00E+00	0.00E+00	0.00E+00	3.00E-06	5.00E-10
-96	0	0	23.98	2.85	1.00E-30	111.43	8.86	1.00	0.00E+00	0.00E+00	0.00E+00	0.00E+00	3.00E-06	5.00E-10
-97	0	0	23.98	2.85	1.00E-30	111.43	8.86	1.00	0.00E+00	0.00E+00	0.00E+00	0.00E+00	3.00E-06	5.00E-10
-98	0	0	23.98	2.85	1.00E-30	111.43	8.86	1.00	0.00E+00	0.00E+00	0.00E+00	0.00E+00	3.00E-06	5.00E-10
-99	0	0	23.98	2.85	1.00E-30	111.43	8.86	1.00	0.00E+00	0.00E+00	0.00E+00	0.00E+00	3.00E-06	5.00E-10
-100	0	0	23.98	2.85	1.00E-30	111.43	8.86	1.00	0.00E+00	0.00E+00	0.00E+00	0.00E+00	3.00E-06	5.00E-10
-101	0	0	23.98	2.85	1.00E-30	111.43	8.86	1.00	0.00E+00	0.00E+00	0.00E+00	0.00E+00	3.00E-06	5.00E-10
-102	0	0	23.98	2.85	1.00E-30	111.43	8.86	1.00	0.00E+00	0.00E+00	0.00E+00	0.00E+00	3.00E-06	5.00E-10
-103	0	0	23.98	2.85	1.00E-30	111.43	8.86	1.00	0.00E+00	0.00E+00	0.00E+00	0.00E+00	3.00E-06	5.00E-10
-104	0	0	23.98	2.85	1.00E-30	111.43	8.86	1.00	0.00E+00	0.00E+00	0.00E+00	0.00E+00	3.00E-06	5.00E-10
-105	0	0	23.98	2.85	1.00E-30	111.43	8.86	1.00	0.00E+00	0.00E+00	0.00E+00	0.00E+00	3.00E-06	5.00E-10
-106	0	0	23.98	2.85	1.00E-30	111.43	8.86	1.00	0.00E+00	0.00E+00	0.00E+00	0.00E+00	3.00E-06	5.00E-10
-107	0	0	23.98	2.85	1.00E-30	111.43	8.86	1.00	0.00E+00	0.00E+00	0.00E+00	0.00E+00	3.00E-06	5.00E-10
-108	0	0	23.98	2.85	1.00E-30	111.43	8.86	1.00	0.00E+00	0.00E+00	0.00E+00	0.00E+00	3.00E-06	5.00E-10
-109	0	0	23.98	2.85	1.00E-30	111.43	8.86	1.00	0.00E+00	0.00E+00	0.00E+00	0.00E+00	3.00E-06	5.00E-10
-110	0	0	23.98	2.85	1.00E-30	111.43	8.86	1.00	0.00E+00	0.00E+00	0.00E+00	0.00E+00	3.00E-06	5.00E-10
-111	0	0	23.98	2.85	1.00E-30	111.43	8.86	1.00	0.00E+00	0.00E+00	0.00E+00	0.00E+00	3.00E-06	5.00E-10
-112	0	0	23.98	2.85	1.00E-30	111.43	8.86	1.00	0.00E+00	0.00E+00	0.00E+00	0.00E+00	3.00E-06	5.00E-10
-113	0	0	23.98	2.85	1.00E-30	111.43	8.86	1.00	0.00E+00	0.00E+00	0.00E+00	0.00E+00	3.00E-06	5.00E-10
-114	0	0	23.98	2.85	1.00E-30	111.43	8.86	1.00	0.00E+00	0.00E+00	0.00E+00	0.00E+00	3.00E-06	5.00E-10
-115	0	0	23.98	2.85	1.00E-30	111.43	8.86	1.00	0.00E+00	0.00E+00	0.00E+00	0.00E+00	3.00E-06	5.00E-10
-116	0	0	23.98	2.85	1.00E-30	111.43	8.86	1.00	0.00E+00	0.00E+00	0.00E+00	0.00E+00	3.00E-06	5.00E-10
-117	0	0	23.98	2.85	1.00E-30	111.43	8.86	1.00	0.00E+00	0.00E+00	0.00E+00	0.00E+00	3.00E-06	5.00E-10
-118	0	0	23.98	2.85	1.00E-30	111.43	8.86	1.00	0.00E+00	0.00E+00	0.00E+00	0.00E+00	3.00E-06	5.00E-10
-119	0	0	23.98	2.85	1.00E-30	111.43	8.86	1.00	0.00E+00	0.00E+00	0.00E+00	0.00E+00	3.00E-06	5.00E-10
-120	0	0	23.98	2.85	1.00E-30	111.43	8.86	1.00	0.00E+00	0.00E+00	0.00E+00	0.00E+00	3.00E-06	5.00E-10
-121	0	0	23.98	2.85	1.00E-30	111.43	8.86	1.00	0.00E+00	0.00E+00	0.00E+00	0.00E+00	3.00E-06	5.00E-10
-122	0	0	23.98	2.85	1.00E-30	111.43	8.86	1.00	0.00E+00	0.00E+00	0.00E+00	0.00E+00	3.00E-06	5.00E-10
-123	0	0	23.98	2.85	1.00E-30	111.43	8.86	1.00	0.00E+00	0.00E+00	0.00E+00	0.00E+00	3.00E-06	5.00E-10
-124	0	0	23.98	2.85	1.00E-30	111.43	8.86	1.00	0.00E+00	0.00E+00	0.00E+00	0.00E+00	3.00E-06	5.00E-10
-125	0	0	23.98	2.85	1.00E-30	111.43	8.86	1.00	0.00E+00	0.00E+00	0.00E+00	0.00E+00	3.00E-06	5.00E-10
-126	0	0	23.98	2.85	1.00E-30	111.43	8.86	1.00	0.00E+00	0.00E+00	0.00E+00	0.00E+00	3.00E-06	5.00E-10
-127	0	0	23.98	2.85	1.00E-30	111.43	8.86	1.00	0.00E+00	0.00E+00	0.00E+00	0.00E+00	3.00E-06	5.00E-10
-128	0	0	23.98	2.85	1.00E-30	111.43	8.86	1.00	0.00E+00	0.00E+00	0.00E+00	0.00E+00	3.00E-06	5.00E-10
-129	0	0	23.98	2.85	1.00E-30	111.43	8.86	1.00	0.00E+00	0.00E+00	0.00E+00	0.00E+00	3.00E-06	5.00E-10
-130	0	0	23.98	2.85	1.00E-30	111.43	8.86	1.00	0.00E+00	0.00E+00	0.00E+00	0.00E+00	3.00E-06	5.00E-10
-131	0	0	23.98	2.85	1.00E-30	111.43	8.86	1.00	0.00E+00	0.00E+00	0.00E+00	0.00E+00	3.00E-06	5.00E-10
-132	0	0	23.98	2.85	1.00E-30	111.43	8.86	1.00	0.00E+00	0.00E+00	0.00E+00	0.00E+00	3.00E-06	5.00E-10
-133	0	0	23.98	2.85	1.00E-30	111.43	8.86	1.00	0.00E+00	0.00E+00	0.00E+00	0.00E+00	3.00E-06	5.00E-10
-134	0	0	23.98	2.85	1.00E-30	111.43	8.86	1.00	0.00E+00	0.00E+00	0.00E+00	0.00E+00	3.00E-06	5.00E-10
-135	0	0	23.98	2.85	1.00E-30	111.43	8.86	1.00	0.00E+00	0.00E+00	0.00E+00	0.00E+00	3.00E-06	5.00E-10
-136	0	0	23.98	2.85	1.00E-30	111.43	8.86	1.00	0.00E+00	0.00E+00	0.00E+00	0.00E+00	3.00E-06	5.00E-10
-137	0	0	23.98	2.85	1.00E-30	111.43	8.86	1.00	0.00E+00	0.00E+00	0.00E+00	0.00E+00	3.00E-06	5.00E-10
-138	0	0	23.98	2.85	1.00E-30	111.43	8.86	1.00	0.00E+00	0.00E+00	0.00E+00	0.00E+00	3.00E-06	5.00E-10
-139	0	0	23.98	2.85	1.00E-30	111.43	8.86	1.00	0.00E+00	0.00E+00	0.00E+00	0.00E+00	3.00E-06	5.00E-10
-140	0	0	23.98	2.85	1.00E-30	111.43	8.86	1.00	0.00E+00	0.00E+00	0.00E+00	0.00E+00	3.00E-06	5.00E-10
-141	0	0	23.98	2.85	1.00E-30	111.43	8.86	1.00	0.00E+00	0.00E+00	0.00E+00	0.00E+00	3.00E-06	5.00E-10
-142	0	0	23.98	2.85	1.00E-30	111.43	8.86	1.00	0.00E+00	0.00E+00	0.00E+00	0.00E+00	3.00E-06	5.00E-10
-143	0	0	23.98	2.85	1.00E-30	111.43	8.86	1.00	0.00E+00	0.00E+00	0.00E+00	0.00E+00	3.00E-06	5.00E-10
-144	0	0	23.98	2.85	1.00E-30	111.43	8.86	1.00	0.00E+00	0.00E+00	0.00E+00	0.00E+00	3.00E-06	5.00E-10
-145	0	0	23.98	2.85	1.00E-30	111.43	8.86	1.00	0.00E+00	0.00E+00	0.00E+00	0.00E+00	3.00E-06	5.00E-10
-146	0	0	23.98	2.85	1.00E-30	111.43	8.86	1.00	0.00E+00	0.00E+00	0.00E+00	0.00E+00	3.00E-06	5.00E-10
-147	0	0	23.98	2.85	1.00E-30	111.43	8.86	1.00	0.00E+00	0.00E+00	0.00E+00	0.00E+00	3.00E-06	5.00E-10
-148	0	0	23.98	2.85	1.00E-30	111.43	8.86	1.00	0.00E+00	0.00E+00	0.00E+00	0.00E+00	3.00E-06	5.00E-10
-149	0	0	23.98	2.85	1.00E-30	111.43	8.86	1.00	0.00E+00	0.00E+00	0.00E+00	0.00E+00	3.00E-06	5.00E-10
-150	0	0	23.98	2.85	1.00E-30	111.43	8.86	1.00	0.00E+00	0.00E+00	0.00E+00	0.00E+00	3.00E-06	5.00E-10
-151	0	0	23.98	2.85	1.00E-30	111.43	8.86	1.00	0.00E+00	0.00E+00	0.00E+00	0.00E+00	3.00E-06	5.00E-10
-152	0	0	23.98	2.85	1.00E-30	111.43	8.86	1.00	0.00E+00	0.00E+00	0.00E+00	0.00E+00	3.00E-06	5.00E-10
-153	0	0	23.98	2.85	1.00E-30	111.43	8.86	1.00	0.00E+00	0.00E+00	0.00E+00	0.00E+00	3.00E-06	5.00E-10
-154	0	0	23.98	2.85	1.00E-30	111.43	8.86	1.00	0.00E+00	0.00E+00	0.00E+00	0.00E+00	3.00E-06	5.00E-10
-155	0	0	23.98	2.85	1.00E-30	111.43	8.86	1.00	0.00E+00	0.00E+00	0.00E+00	0.00E+00	3.00E-06	5.00E-10
-156	0	0	23.98	2.85	1.00E-30	111.43	8.86	1.00	0.00E+00	0.00E+00	0.00E+00	0.00E+00	3.00E-06	5.00E-10
-157	0	0	23.98	2.85	1.00E-30	111.43	8.86	1.00	0.00E+00	0.00E+00	0.00E+00	0.00E+00	3.00E-06	5.00E-10
-158	0	0	23.98	2.85	1.00E-30	111.43	8.86	1.00	0.00E+00	0.00E+00	0.00E+00	0.00E+00	3.00E-06	5.00E-10
-159	0	0	23.98	2.85	1.00E-30	111.43	8.86	1.00	0.00E+00	0.00E+00	0.00E+00	0.00E+00	3.00E-06	5.00E-10
-160	0	0	23.98	2.85	1.00E-30	111.43	8.86	1.00	0.00E+00	0.00E+00	0.00E+00	0.00E+00	3.00E-06	5.00E-10
-161	0	0	23.98	2.85	1.00E-30	111.43	8.86	1.00	0.00E+00	0.00E+00	0.00E+00	0.00E+00	3.00E-06	5.00E-10
-162	0	0	23.98	2.85	1.00E-30	111.43	8.86	1.00	0.00E+00	0.00E+00	0.00E+00	0.00E+00	3.00E-06	5.00E-10
-163	0	0	23.98	2.85	1.00E-30	111.43	8.86	1.00	0.00E+00	0.00E+00	0.00E+00	0.00E+00	3.00E-06	5.00E-10
-164	0	0	23.98	2.85	1.00E-30	111.43	8.86	1.00	0.00E+00	0.00E+00	0.00E+00	0.00E+00	3.00E-06	5.00E-10
-165	0	0	23.98	2.85	1.00E-30	111.43	8.86	1.00	0.00E+00	0.00E+00	0.00E+00	0.00E+00	3.00E-06	5.00E-10
-166	0	0	23.98	2.85	1.00E-30	111.43	8.86	1.00	0.00E+00	0.00E+00	0.00E+00	0.00E+00	3.00E-06	5.00E-10
-167	0	0	23.98	2.85	1.00E-30	111.43	8.86	1.00	0.00E+00	0.00E+00	0.00E+00	0.00E+00	3.00E-06	5.00E-10
-168	0	0	23.98	2.85	1.00E-30	111.43	8.86	1.00	0.00E+00	0.00E+00	0.00E+00	0.00E+00	3.00E-06	5.00E-10
-169	0	0	23.98	2.85	1.00E-30	111.43	8.86	1.00	0.00E+00	0.00E+00	0.00E+00	0.00E+00	3.00E-06	5.00E-10
-170	0	0	23.98	2.85	1.00E-30	111.43	8.86	1.00	0.00E+00	0.00E+00	0.00E+00	0.00E+00	3.00E-06	5.00E-10
-171	0	0	23.98	2.85	1.00E-30	111.43	8.86	1.00	0.00E+00	0.00E+00	0.00E+00	0.00E+00	3.00E-06	5.00E-10
-172	0	0	23.98	2.85	1.00E-30	111.43	8.86	1.00	0.00E+00	0.00E+00	0.00E+00	0.00E+00	3.00E-06	5.00E-10
-173	0	0	23.98	2.85	1.00E-30	111.43	8.86	1.00	0.00E+00	0.00E+00	0.00E+00	0.00E+00	3.00E-06	5.00E-10
-174	0	0	23.98	2.85	1.00E-30	111.43	8.86	1.00	0.00E+00	0.00E+00	0.00E+00	0.00E+00	3.00E-06	5.00E-10
-175	0	0	23.98	2.85	1.00E-30	111.43	8.86	1.00	0.00E+00	0.00E+00	0.00E+00	0.00E+00	3.00E-06	5.00E-10
-176	0	0	23.98	2.85	1.00E-30	111.43	8.86	1.00	0.00E+00	0.00E+00	0.00E+00	0.00E+00	3.00E-06	5.00E-10
-177	0	0	23.98	2.85	1.00E-30	111.43	8.86	1.00	0.00E+00	0.00E+00	0.00E+00	0.00E+00	3.00E-06	5.00E-10
-178	0	0	23.98	2.85	1.00E-30	111.43	8.86	1.00	0.00E+00	0.00E+00	0.00E+00	0.00E+00	3.00E-06	5.00E-10
-179	0	0	23.98	2.85	1.00E-30	111.43	8.86	1.00	0.00E+00	0.00E+00	0.00E+00	0.00E+00	3.00E-06	5.00E-10
-180	0	0	23.98	2.85	1.00E-30	111.43	8.86	1.00	0.00E+00	0.00E+00	0.00E+00	0.00E+00	3.00E-06	5.00E-10
-181	0	0	23.98	2.85	1.00E-30	111.43	8.86	1.00	0.00E+00	0.00E+00	0.00E+00	0.00E+00	3.00E-06	5.00E-10
-182	0	0	23.98	2.85	1.00E-30	111.43	8.86	1.00	0.00E+00	0.00E+00	0.00E+00	0.00E+00	3.00E-06	5.00E-10
-183	0	0	23.98	2.85	1.00E-30	111.43	8.86	1.00	0.00E+00	0.00E+00	0.00E+00	0.00E+00	3.00E-06	5.00E-10
-184	0	0	23.98	2.85	1.00E-30	111.43	8.86	1.00	0.00E+00	0.00E+00	0.00E+00	0.00E+00	3.00E-06	5.00E-10
-185	0	0	23.98	2.85	1.00E-30	111.43	8.86	1.00	0.00E+00	0.00E+00	0.00E+00	0.00E+00	3.00E-06	5.00E-10
-186	0	0	23.98	2.85	1.00E-30	111.43	8.86	1.00	0.00E+00	0.00E+00	0.00E+00	0.00E+00	3.00E-06	5.00E-10
-187	0	0	23.98	2.85	1.00E-30	111.43	8.86	1.00	0.00E+00	0.00E+00	0.00E+00	0.00E+00	3.00E-06	5.00E-10
-188	0	0	23.98	2.85	1.00E-30	111.43	8.86	1.00	0.00E+00	0.00E+00	0.00E+00	0.00E+00	3.00E-06	5.00E-10
-189	0	0	23.98	2.85	1.00E-30	111.43	8.86	1.00	0.00E+00	0.00E+00	0.00E+00	0.00E+00	3.00E-06	5.00E-10
-190	0	0	23.98	2.85	1.00E-30	111.43	8.86	1.00	0.00E+00	0.00E+00	0.00E+00	0.00E+00	3.00E-06	5.00E-10
-191	0	0	23.98	2.85	1.00E-30	111.43	8.86	1.00	0.00E+00	0.00E+00	0.00E+00	0.00E+00	3.00E-06	5.00E-10
-192	0	0	23.98	2.85	1.00E-30	111.43	8.86	1.00	0.00E+00	0.00E+00	0.00E+00	0.00E+00	3.00E-06	5.00E-10
-193	0	0	23.98	2.85	1.00E-30	111.43	8.86	1.00	0.00E+00	0.00E+00	0.00E+00	0.00E+00	3.00E-06	5.00E-10
-194	0	0	23.98	2.85	1.00E-30	111.43	8.86	1.00	0.00E+00	0.00E+00	0.00E+00	0.00E+00	3.00E-06	5.00E-10
-195	0	0	23.98	2.85	1.00E-30	111.43	8.86	1.00	0.00E+00	0.00E+00	0.00E+00	0.00E+00	3.00E-06	5.00E-10
-196	0	0	23.98	2.85	1.00E-30	111.43	8.86	1.00	0.00E+00	0.00E+00	0.00E+00	0.00E+00	3.00E-06	5.00E-10
-197	0	0	23.98	2.85	1.00E-30	111.43	8.86	1.00	0.00E+00	0.00E+00	0.00E+00	0.00E+00	3.00E-06	5.00E-10
-198	0	0	23.98	2.85	1.00E-30	111.43	8.86	1.00	0.00E+00	0.00E+00	0.00E+00	0.00E+00	3.00E-06	5.00E-10
-199	0	0	23.98	2.85	1.00E-30	111.43	8.86	1.00	0.00E+00	0.00E+00	0.00E+00	0.00E+00	3.00E-06	5.00E-10
-200	0	0	23.98	2.85	1.00E-30	111.43	8.86	1.00	0.00E+00	0.00E+00	0.00E+00	0.00E+00	3.00E-06	5.00E-10
-201	0	0	23.98	2.85	1.00E-30	111.43	8.86	1.00	0.00E+00	0.00E+00	0.00E+00	0.00E+00	3.00E-06	5.00E-10
-202	0	0	23.98	2.85	1.00E-30	111.43	8.86	1.00	0.00E+00	0.00E+00	0.00E+00	0.00E+00	3.00E-06	5.00E-10
-203	0	0	23.98	2.85	1.00E-30	111.43	8.86	1.00	0.00E+00	0.00E+00	0.00E+00	0.00E+00	3.00E-06	5.00E-10
-204	0	0	23.98	2.85	1.00E-30	111.43	8.86	1.00	0.00E+00	0.00E+00	0.00E+00	0.00E+00	3.00E-06	5.00E-10
-205	0	0	23.98	2.85	1.00E-30	111.43	8.86	1.00	0.00E+00	0.00E+00	0.00E+00	0.00E+00	3.00E-06	5.00E-10
-206	0	0	23.98	2.85	1.00E-30	111.43	8.86	1.00	0.00E+00	0.00E+00	0.00E+00	0.00E+00	3.00E-06	5.00E-10
-207	0	0	23.98	2.85	1.00E-30	111.43	8.86	1.00	0.00E+00	0.00E+00	0.00E+00	0.00E+00	3.00E-06	5.00E-10
-208	0	0	23.98	2.85	1.00E-30	111.43	8.86	1.00	0.00E+00	0.00E+00	0.00E+00	0.00E+00	3.00E-06	5.00E-10
-209	0	0	23.98	2.85	1.00E-30	111.43	8.86	1.00	0.00E+00	0.00E+00	0.00E+00	0.00E+00	3.00E-06	5.00E-10
-210	0	0	23.98	2.85	1.00E-30	111.43	8.86	1.00	0.00E+00	0.00E+00	0.00E+00	0.00E+00	3.00E-06	5.00E-10
-211	0	0	23.98	2.85	1.00E-30	111.43	8.86	1.00	0.00E+00	0.00E+00	0.00E+00	0.00E+00	3.00E-06	5.00E-10
-212	0	0	23.98	2.85	1.00E-30	111.43	8.86	1.00	0.00E+00	0.00E+00	0.00E+00	0.00E+00	3.00E-06	5.00E-10
-213	0	0	23.98	2.85	1.00E-30	111.43	8.86	1.00	0.00E+00	0.00E+00	0.00E+00	0.00E+00	3.00E-06	5.00E-10
-214	0	0	23.98	2.85	1.00E-30	111.43	8.86	1.00	0.00E+00	0.00E+00	0.00E+00	0.00E+00	3.00E-06	5.00E-10
-215	0	0	23.98	2.85	1.00E-30	111.43	8.86	1.00	0.00E+00	0.00E+00	0.00E+00	0.00E+00	3.00E-06	5.00E-10
-216	0	0	23.98	2.85	1.00E-30	111.43	8.86	1.00	0.00E+00	0.00E+00	0.00E+00	0.00E+00	3.00E-06	5.00E-10
-217	0	0	23.98	2.85	1.00E-30	111.43	8.86	1.00	0.00E+00	0.00E+00	0.00E+00	0.00E+00	3.00E-06	5.00E-10
-218	0	0	23.98	2.85	1.00E-30	111.43	8.86	1.00	0.00E+00	0.00E+00	0.00E+00	0.00E+00	3.00E-06	5.00E-10
-219	0	0	23.98	2.85	1.00E-30	111.43	8.86	1.00	0.00E+00	0.00E+00	0.00E+00	0.00E+00	3.00E-06	5.00E-10
-220	0	0	23.98	2.85	1.00E-30	111.43	8.86	1.00	0.00E+00	0.00E+00	0.00E+00	0.00E+00	3.00E-06	5.00E-10
-221	0	0	23.98	2.85	1.00E-30	111.43	8.86	1.00	0.00E+00	0.00E+00	0.00E+00	0.00E+00	3.00E-06	5.00E-10
-222	0	0	23.98	2.85	1.00E-30	111.43	8.86	1.00	0.00E+00	0.00E+00	0.00E+00	0.00E+00	3.00E-06	5.00E-10
-223	0	0	23.98	2.85	1.00E-30	111.43	8.86	1.00	0.00E+00	0.00E+00	0.00E+00	0.00E+00	3.00E-06	5.00E-10
-224	0	0	23.98	2.85	1.00E-30	111.43	8.86	1.00	0.00E+00	0.00E+00	0.00E+00	0.00E+00	3.00E-06	5.00E-10
-225	0	0	23.98	2.85	1.00E-30	111.43	8.86	1.00	0.00E+00	0.00E+00	0.00E+00	0.00E+00	3.00E-06	5.00E-10
-226	0	0	23.98	2.85	1.00E-30	111.43	8.86	1.00	0.00E+00	0.00E+00	0.00E+00	0.00E+00	3.00E-06	5.00E-10
-227	0	0	23.98	2.85	1.00E-30	111.43	8.86	1.00	0.00E+00	0.00E+00	0.00E+00	0.00E+00	3.00E-06	5.00E-10
-228	0	0	23.98	2.85	1.00E-30	111.43	8.86	1.00	0.00E+00	0.00E+00	0.00E+00	0.00E+00	3.00E-06	5.00E-10
-229	0	0	23.98	2.85	1.00E-30	111.43	8.86	1.00	0.00E+00	0.00E+00	0.00E+00	0.00E+00	3.00E-06	5.00E-10
-230	0	0	23.98	2.85	1.00E-30	111.43	8.86	1.00	0.00E+00	0.00E+00	0.00E+00	0.00E+00	3.00E-06	5.00E-10
-231	0	0	23.98	2.85	1.00E-30	111.43	8.86	1.00	0.00E+00	0.00E+00	0.00E+00	0.00E+00	3.00E-06	5.00E-10
-232	0	0	23.98	2.85	1.00E-30	111.43	8.86	1.00	0.00E+00	0.00E+00	0.00E+00	0.00E+00	3.00E-06	5.00E-10
-233	0	0	23.98	2.85	1.00E-30	111.43	8.86	1.00	0.00E+00	0.00E+00	0.00E+00	0.00E+00	3.00E-06	5.00E-10
-234	0	0	23.98	2.85	1.00E-30	111.43	8.86	1.00	0.00E+00	0.00E+00	0.00E+00	0.00E+00	3.00E-06	5.00E-10
-235	0	0	23.98	2.85	1.00E-30	111.43	8.86	1.00	0.00E+00	0.00E+00	0.00E+00	0.00E+00	3.00E-06	5.00E-10
-236	0	0	23.98	2.85	1.00E-30	111.43	8.86	1.00	0.00E+00	0.00E+00	0.00E+00	0.00E+00	3.00E-06	5.00E-10
-237	0	0	23.98	2.85	1.00E-30	111.43	8.86	1.00	0.00E+00	0.00E+00	0.00E+00	0.00E+00	3.00E-06	5.00E-10
-238	0	0	23.98	2.85	1.00E-30	111.43	8.86	1.00	0.00E+00	0.00E+00	0.00E+00	0.00E+00	3.00E-06	5.00E-10
-239	0	0	23.98	2.85	1.00E-30	111.43	8.86	1.00	0.00E+00	0.00E+00	0.00E+00	0.00E+00	3.00E-06	5.00E-10
-240	0	0	23.98	2.85	1.00E-30	111.43	8.86	1.00	0.00E+00	0.00E+00	0.00E+00	0.00E+00	3.00E-06	5.00E-10
-241	0	0	23.98	2.85	1.00E-30	111.43	8.86	1.00	0.00E+00	0.00E+00	0.00E+00	0.00E+00	3.00E-06	5.00E-10
-242	0	0	23.98	2.85	1.00E-30	111.43	8.86	1.00	0.00E+00	0.00E+00	0.00E+00	0.00E+00	3.00E-06	5.00E-10
-243	0	0	23.98	2.85	1.00E-30	111.43	8.86	1.00	0.00E+00	0.00E+00	0.00E+00	0.00E+00	3.00E-06	5.00E-10
-244	0	0	23.98	2.85	1.00E-30	111.43	8.86	1.00	0.00E+00	0.00E+00	0.00E+00	0.00E+00	3.00E-06	5.00E-10
-245	0	0	23.98	2.85	1.00E-30	111.43	8.86	1.00	0.00E+00	0.00E+00	0.00E+00	0.00E+00	3.00E-06	5.00E-10
-246	0	0	23.98	2.85	1.00E-30	111.43	8.86	1.00	0.00E+00	0.00E+00	0.00E+00	0.00E+00	3.00E-06	5.00E-10
-247	0	0	23.98	2.85	1.00E-30	111.43	8.86	1.00	0.00E+00	0.00E+00	0.00E+00	0.00E+00	3.00E-06	5.00E-10
-248	0	0	23.98	2.85	1.00E-30	111.43	8.86	1.00	0.00E+00	0.00E+00	0.00E+00	0.00E+00	3.00E-06	5.00E-10
-249	0	0	23.98	2.85	1.00E-30	111.43	8.86	1.00	0.00E+00	0.00E+00	0.00E+00	0.00E+00	3.00E-06	5.00E-10
-250	0	0	23.98	2.85	1.00E-30	111.43	8.86	1.00	0.00E+00	0.00E+00	0.00E+00	0.00E+00	3.00E-06	5.00E-10
-251	0	0	23.98	2.85	1.00E-30	111.43	8.86	1.00	0.00E+00	0.00E+00	0.00E+00	0.00E+00	3.00E-06	5.00E-10
-252	0	0	23.98	2.85	1.00E-30	111.43	8.86	1.00	0.00E+00	0.00E+00	0.00E+00	0.00E+00	3.00E-06	5.00E-10
-253	0	0	23.98	2.85	1.00E-30	111.43	8.86	1.00	0.00E+00	0.00E+00	0.00E+00	0.00E+00	3.00E-06	5.00E-10
-254	0	0	23.98	2.85	1.00E-30	111.43	8.86	1.00	0.00E+00	0.00E+00	0.00E+00	0.00E+00	3.00E-06	5.00E-10
-255	0	0	23.98	2.85	1.00E-30	111.43	8.86	1.00	0.00E+00	0.00E+00	0.00E+00	0.00E+00	3.00E-06	5.00E-10
-256	0	0	23.98	2.85	1.00E-30	111.43	8.86	1.00	0.00E+00	0.00E+00	0.00E+00	0.00E+00	3.00E-06	5.00E-10
-257	0	0	23.98	2.85	1.00E-30	111.43	8.86	1.00	0.00E+00	0.00E+00	0.00E+00	0.00E+00	3.00E-06	5.00E-10
-258	0	0	23.98	2.85	1.00E-30	111.43	8.86	1.00	0.00E+00	0.00E+00	0.00E+00	0.00E+00	3.00E-06	5.00E-10
-259	0	0	23.98	2.85	1.00E-30	111.43	8.86	1.00	0.00E+00	0.00E+00	0.00E+00	0.00E+00	3.00E-06	5.00E-10
-260	0	0	23.98	2.85	1.00E-30	111.43	8.86	1.00	0.00E+00	0.00E+00	0.00E+00	0.00E+00	3.00E-06	5.00E-10
-261	0	0	23.98	2.85	1.00E-30	111.43	8.86	1.00	0.00E+00	0.00E+00	0.00E+00	0.00E+00	3.00E-06	5.00E-10
-262	0	0	23.98	2.85	1.00E-30	111.43	8.86	1.00	0.00E+00	0.00E+00	0.00E+00	0.00E+00	3.00E-06	5.00E-10
-263	0	0	23.98	2.85	1.00E-30	111.43	8.86	1.00	0.00E+00	0.00E+00	0.00E+00	0.00E+00	3.00E-06	5.00E-10
-264	0	0	23.98	2.85	1.00E-30	111.43	8.86	1.00	0.00E+00	0.00E+00	0.00E+00	0.00E+00	3.00E-06	5.00E-10
-265	0	0	23.98	2.85	1.00E-30	111.43	8.86	1.00	0.00E+00	0.00E+00	0.00E+00	0.00E+00	3.00E-06	5.00E-10
-266	0	0	23.98	2.85	1.00E-30	111.43	8.86	1.00	0.00E+00	0.00E+00	0.00E+00	0.00E+00	3.00E-06	5.00E-10
-267	0	0	23.98	2.85	1.00E-30	111.43	8.86	1.00	0.00E+00	0.00E+00	0.00E+00	0.00E+00	3.00E-06	5.00E-10
-268	0	0	23.98	2.85	1.00E-30	111.43	8.86	1.00	0.00E+00	0.00E+00	0.00E+00	0.00E+00	3.00E-06	5.00E-10
-269	0	0	23.98	2.85	1.00E-30	111.43	8.86	1.00	0.00E+00	0.00E+00	0.00E+00	0.00E+00	3.00E-06	5.00E-10
-270	0	0	23.98	2.85	1.00E-30	111.43	8.86	1.00	0.00E+00	0.00E+00	0.00E+00	0.00E+00	3.00E-06	5.00E-10
-271	0	0	23.98	2.85	1.00E-30	111.43	8.86	1.00	0.00E+00	0.00E+00	0.00E+00	0.00E+00	3.00E-06	5.00E-10
-272	0	0	23.98	2.85	1.00E-30	111.43	8.86	1.00	0.00E+00	0.00E+00	0.00E+00	0.00E+00	3.00E-06	5.00E-10
-273	0	0	23.98	2.85	1.00E-30	111.43	8.86	1.00	0.00E+00	0.00E+00	0.00E+00	0.00E+00	3.00E-06	5.00E-10
-274	0	0	23.98	2.85	1.00E-30	111.43	8.86	1.00	0.00E+00	0.00E+00	0.00E+00	0.00E+00	3.00E-06	5.00E-10
-275	0	0	23.98	2.85	1.00E-30	111.43	8.86	1.00	0.00E+00	0.00E+00	0.00E+00	0.00E+00	3.00E-06	5.00E-10
-276	0	0	23.98	2.85	1.00E-30	111.43	8.86	1.00	0.00E+00	0.00E+00	0.00E+00	0.00E+00	3.00E-06	5.00E-10
-277	0	0	23.98	2.85	1.00E-30	111.43	8.86	1.00	0.00E+00	0.00E+00	0.00E+00	0.00E+00	3.00E-06	5.00E-10
-278	0	0	23.98	2.85	1.00E-30	111.43	8.86	1.00	0.00E+00	0.00E+00	0.00E+00	0.00E+00	3.00E-06	5.00E-10
-279	0	0	23.98	2.85	1.00E-30	111.43	8.86	1.00	0.00E+00	0.00E+00	0.00E+00	0.00E+00	3.00E-06	5.00E-10
-280	0	0	23.98	2.85	1.00E-30	111.43	8.86	1.00	0.00E+00	0.00E+00	0.00E+00	0.00E+00	3.00E-06	5.00E-10
-281	0	0	23.98	2.85	1.00E-30	111.43	8.86	1.00	0.00E+00	0.00E+00	0.00E+00	0.00E+00	3.00E-06	5.00E-10
-282	0	0	23.98	2.85	1.00E-30	111.43	8.86	1.00	0.00E+00	0.00E+00	0.00E+00	0.00E+00	3.00E-06	5.00E-10
-283	0	0	23.98	2.85	1.00E-30	111.43	8.86	1.00	0.00E+00	0.00E+00	0.00E+00	0.00E+00	3.00E-06	5.00E-10
-284	0	0	23.98	2.85	1.00E-30	111.43	8.86	1.00	0.00E+00	0.00E+00	0.00E+00	0.00E+00	3.00E-06	5.00E-10
-285	0	0	23.98	2.85	1.00E-30	111.43	8.86	1.00	0.00E+00	0.00E+00	0.00E+00	0.00E+00	3.00E-06	5.00E-10
-286	0	0	23.98	2.85	1.00E-30	111.43	8.86	1.00	0.00E+00	0.00E+00	0.00E+00	0.00E+00	3.00E-06	5.00E-10
-287	0	0	23.98	2.85	1.00E-30	111.43	8.86	1.00	0.00E+00	0.00E+00	0.00E+00	0.00E+00	3.00E-06	5.00E-10
-288	0	0	23.98	2.85	1.00E-30	111.43	8.86	1.00	0.00E+00	0.00E+00	0.00E+00	0.00E+00	3.00E-06	5.00E-10
-289	0	0	23.98	2.85	1.00E-30	111.43	8.86	1.00	0.00E+00	0.00E+00	0.00E+00	0.00E+00	3.00E-06	5.00E-10
-290	0	0	23.98	2.85	1.00E-30	111.43	8.86	1.00	0.00E+00	0.00E+00	0.00E+00	0.00E+00	3.00E-06	5.00E-10
-291	0	0	23.98	2.85	1.00E-30	111.43	8.86	1.00	0.00E+00	0.00E+00	0.00E+00	0.00E+00	3.00E-06	5.00E-10
-292	0	0	23.98	2.85	1.00E-30	111.43	8.86	1.00	0.00E+00	0.00E+00	0.00E+00	0.00E+00	3.00E-06	5.00E-10
-293	0	0	23.98	2.85	1.00E-30	111.43	8.86	1.00	0.00E+00	0.00E+00	0.00E+00	0.00E+00	3.00E-06	5.00E-10
-294	0	0	23.98	2.85	1.00E-30	111.43	8.86	1.00	0.00E+00	0.00E+00	0.00E+00	0.00E+00	3.00E-06	5.00E-10
-295	0	0	23.98	2.85	1.00E-30	111.43	8.86	1.00	0.00E+00	0.00E+00	0.00E+00	0.00E+00	3.00E-06	5.00E-10
-296	0	0	23.98	2.85	1.00E-30	111.43	8.86	1.00	0.00E+00	0.00E+00	0.00E+00	0.00E+00	3.00E-06	5.00E-10
-297	0	0	23.98	2.85	1.00E-30	111.43	8.86	1.00	0.00E+00	0.00E+00	0.00E+00	0.00E+00	3.00E-06	5.00E-10
-298	0	0	23.98	2.85	1.00E-30	111.43	8.86	1.00	0.00E+00	0.00E+00	0.00E+00	0.00E+00	3.00E-06	5.00E-10
-299	0	0	23.98	2.85	1.00E-30	111.43	8.86	1.00	0.00E+00	0.00E+00	0.00E+00	0.00E+00	3.00E-06	5.00E-10
-300	0	0	23.98	2.85	1.00E-30	111.43	8.86	1.00	0.00E+00	0.00E+00	0.00E+00	0.00E+00	3.00E-06	5.00E-10
-301	0	0	23.98	2.85	1.00E-30	111.43	8.86	1.00	0.00E+00	0.00E+00	0.00E+00	0.00E+00	3.00E-06	5.00E-10
-302	0	0	23.98	2.85	1.00E-30	111.43	8.86	1.00	0.00E+00	0.00E+00	0.00E+00	0.00E+00	3.00E-06	5.00E-10
-303	0	0	23.98	2.85	1.00E-30	111.43	8.86	1.00	0.00E+00	0.00E+00	0.00E+00	0.00E+00	3.00E-06	5.00E-10
-304	0	0	23.98	2.85	1.00E-30	111.43	8.86	1.00	0.00E+00	0.00E+00	0.00E+00	0.00E+00	3.00E-06	5.00E-10
-305	0	0	23.98	2.85	1.00E-30	111.43	8.86	1.00	0.00E+00	0.00E+00	0.00E+00	0.00E+00	3.00E-06	5.00E-10
-306	0	0	23.98	2.85	1.00E-30	111.43	8.86	1.00	0.00E+00	0.00E+00	0.00E+00	0.00E+00	3.00E-06	5.00E-10
-307	0	0	23.98	2.85	1.00E-30	111.43	8.86	1.00	0.00E+00	0.00E+00	0.00E+00	0.00E+00	3.00E-06	5.00E-10
-308	0	0	23.98	2.85	1.00E-30	111.43	8.86	1.00	0.00E+00	0.00E+00	0.00E+00	0.00E+00	3.00E-06	5.00E-10
-309	0	0	23.98	2.85	1.00E-30	111.43	8.86	1.00	0.00E+00	0.00E+00	0.00E+00	0.00E+00	3.00E-06	5.00E-10
-310	0	0	23.98	2.85	1.00E-30	111.43	8.86	1.00	0.00E+00	0.00E+00	0.00E+00	0.00E+00	3.00E-06	5.00E-10
-311	0	0	23.98	2.85	1.00E-30	111.43	8.86	1.00	0.00E+00	0.00E+00	0.00E+00	0.00E+00	3.00E-06	5.00E-10
-312	0	0	23.98	2.85	1.00E-30	111.43	8.86	1.00	0.00E+00	0.00E+00	0.00E+00	0.00E+00	3.00E-06	5.00E-10
-313	0	0	23.98	2.85	1.00E-30	111.43	8.86	1.00	0.00E+00	0.00E+00	0.00E+00	0.00E+00	3.00E-06	5.00E-10
-314	0	0	23.98	2.85	1.00E-30	111.43	8.86	1.00	0.00E+00	0.00E+00	0.00E+00	0.00E+00	3.00E-06	5.00E-10
-315	0	0	23.98	2.85	1.00E-30	111.43	8.86	1.00	0.00E+00	0.00E+00	0.00E+00	0.00E+00	3.00E-06	5.00E-10
-316	0	0	23.98	2.85	1.00E-30	111.43	8.86	1.00	0.00E+00	0.00E+00	0.00E+00	0.00E+00	3.00E-06	5.00E-10
-317	0	0	23.98	2.85	1.00E-30	111.43	8.86	1.00	0.00E+00	0.00E+00	0.00E+00	0.00E+00	3.00E-06	5.00E-10
-318	0	0	23.98	2.85	1.00E-30	111.43	8.86	1.00	0.00E+00	0.00E+00	0.00E+00	0.00E+00	3.00E-06	5.00E-10
-319	0	0	23.98	2.85	1.00E-30	111.43	8.86	1.00	0.00E+00	0.00E+00	0.00E+00	0.00E+00	3.00E-06	5.00E-10
-320	0	0	23.98	2.85	1.00E-30	111.43	8.86	1.00	0.00E+00	0.00E+00	0.00E+00	0.00E+00	3.00E-06	5.00E-10
-321	0	0	23.98	2.85	1.00E-30	111.43	8.86	1.00	0.00E+00	0.00E+00	0.00E+00	0.00E+00	3.00E-06	5.00E-10
-322	0	0	23.98	2.85	1.00E-30	111.43	8.86	1.00	0.00E+00	0.00E+00	0.00E+00	0.00E+00	3.00E-06	5.00E-10
-323	0	0	23.98	2.85	1.00E-30	111.43	8.86	1.00	0.00E+00	0.00E+00	0.00E+00	0.00E+00	3.00E-06	5.00E-10
-324	0	0	23.98	2.85	1.00E-30	111.43	8.86	1.00	0.00E+00	0.00E+00	0.00E+00	0.00E+00	3.00E-06	5.00E-10
-325	0	0	23.98	2.85	1.00E-30	111.43	8.86	1.00	0.00E+00	0.00E+00	0.00E+00	0.00E+00	3.00E-06	5.00E-10
-326	0	0	23.98	2.85	1.00E-30	111.43	8.86	1.00	0.00E+00	0.00E+00	0.00E+00	0.00E+00	3.00E-06	5.00E-10
-327	0	0	23.98	2.85	1.00E-30	111.43	8.86	1.00	0.00E+00	0.00E+00	0.00E+00	0.00E+00	3.00E-06	5.00E-10
-328	0	0	23.98	2.85	1.00E-30	111.43	8.86	1.00	0.00E+00	0.00E+00	0.00E+00	0.00E+00	3.00E-06	5.00E-10
-329	0	0	23.98	2.85	1.00E-30	111.43	8.86	1.00	0.00E+00	0.00E+00	0.00E+00	0.00E+00	3.00E-06	5.00E-10
-330	0	0	23.98	2.85	1.00E-30	111.43	8.86	1.00	0.00E+00	0.00E+00	0.00E+00	0.00E+00	3.00E-06	5.00E-10
-331	0	0	23.98	2.85	1.00E-30	111.43	8.86	1.00	0.00E+00	0.00E+00	0.00E+00	0.00E+00	3.00E-06	5.00E-10
-332	0	0	23.98	2.85	1.00E-30	111.43	8.86	1.00	0.00E+00	0.00E+00	0.00E+00	0.00E+00	3.00E-06	5.00E-10
-333	0	0	23.98	2.85	1.00E-30	111.43	8.86	1.00	0.00E+00	0.00E+00	0.00E+00	0.00E+00	3.00E-06	5.00E-10
-334	0	0	23.98	2.85	1.00E-30	111.43	8.86	1.00	0.00E+00	0.00E+00	0.00E+00	0.00E+00	3.00E-06	5.00E-10
-335	0	0	23.98	2.85	1.00E-30	111.43	8.86	1.00	0.00E+00	0.00E+00	0.00E+00	0.00E+00	3.00E-06	5.00E-10
-336	0	0	23.98	2.85	1.00E-30	111.43	8.86	1.00	0.00E+00	0.00E+00	0.00E+00	0.00E+00	3.00E-06	5.00E-10
-337	0	0	23.98	2.85	1.00E-30	111.43	8.86	1.00	0.00E+00	0.00E+00	0.00E+00	0.00E+00	3.00E-06	5.00E-10
-338	0	0	23.98	2.85	1.00E-30	111.43	8.86	1.00	0.00E+00	0.00E+00	0.00E+00	0.00E+00	3.00E-06	5.00E-10
-339	0	0	23.98	2.85	1.00E-30	111.43	8.86	1.00	0.00E+00	0.00E+00	0.00E+00	0.00E+00	3.00E-06	5.00E-10
-340	0	0	23.98	2.85	1.00E-30	111.43	8.86	1.00	0.00E+00	0.00E+00	0.00E+00	0.00E+00	3.00E-06	5.00E-10
-341	0	0	23.98	2.85	1.00E-30	111.43	8.86	1.00	0.00E+00	0.00E+00	0.00E+00	0.00E+00	3.00E-06	5.00E-10
-342	0	0	23.98	2.85	1.00E-30	111.43	8.86	1.00	0.00E+00	0.00E+00	0.00E+00	0.00E+00	3.00E-06	5.00E-10
-343	0	0	23.98	2.85	1.00E-30	111.43	8.86	1.00	0.00E+00	0.00E+00	0.00E+00	0.00E+00	3.00E-06	5.00E-10
-344	0	0	23.98	2.85	1.00E-30	111.43	8.86	1.00	0.00E+00	0.00E+00	0.00E+00	0.00E+00	3.00E-06	5.00E-10
-345	0	0	23.98	2.85	1.00E-30	111.43	8.86	1.00	0.00E+00	0.00E+00	0.00E+00	0.00E+00	3.00E-06	5.00E-10
-346	0	0	23.98	2.85	1.00E-30	111.43	8.86	1.00	0.00E+00	0.00E+00	0.00E+00	0.00E+00	3.00E-06	5.00E-10
-347	0	0	23.98	2.85	1.00E-30	111.43	8.86	1.00	0.00E+00	0.00E+00	0.00E+00	0.00E+00	3.00E-06	5.00E-10
-348	0	0	23.98	2.85	1.00E-30	111.43	8.86	1.00	0.00E+00	0.00E+00	0.00E+00	0.00E+00	3.00E-06	5.00E-10
-349	0	0	23.98	2.85	1.00E-30	111.43	8.86	1.00	0.00E+00	0.00E+00	0.00E+00	0.00E+00	3.00E-06	5.00E-10
-350	0	0	23.98	2.85	1.00E-30	111.43	8.86	1.00	0.00E+00	0.00E+00	0.00E+00	0.00E+00	3.00E-06	5.00E-10
-351	0	0	23.98	2.85	1.00E-30	111.43	8.86	1.00	0.00E+00	0.00E+00	0.00E+00	0.00E+00	3.00E-06	5.00E-10
-352	0	0	23.98	2.85	1.00E-30	111.43	8.86	1.00	0.00E+00	0.00E+00	0.00E+00	0.00E+00	3.00E-06	5.00E-10
-353	0	0	23.98	2.85	1.00E-30	111.43	8.86	1.00	0.00E+00	0.00E+00	0.00E+00	0.00E+00	3.00E-06	5.00E-10
-354	0	0	23.98	2.85	1.00E-30	111.43	8.86	1.00	0.00E+00	0.00E+00	0.00E+00	0.00E+00	3.00E-06	5.00E-10
-355	0	0	23.98	2.85	1.00E-30	111.43	8.86	1.00	0.00E+00	0.00E+00	0.00E+00	0.00E+00	3.00E-06	5.00E-10
-356	0	0	23.98	2.85	1.00E-30	111.43	8.86	1.00	0.00E+00	0.00E+00	0.00E+00	0.00E+00	3.00E-06	5.00E-10
-357	0	0	23.98	2.85	1.00E-30	111.43	8.86	1.00	0.00E+00	0.00E+00	0.00E+00	0.00E+00	3.00E-06	5.00E-10
-358	0	0	23.98	2.85	1.00E-30	111.43	8.86	1.00	0.00E+00	0.00E+00	0.00E+00	0.00E+00	3.00E-06	5.00E-10
-359	0	0	23.98	2.85	1.00E-30	111.43	8.86	1.00	0.00E+00	0.00E+00	0.00E+00	0.00E+00	3.00E-06	5.00E-10
-360	0	0	23.98	2.85	1.00E-30	111.43	8.86	1.00	0.00E+00	0.00E+00	0.00E+00	0.00E+00	3.00E-06	5.00E-10
-361	0	0	23.98	2.85	1.00E-30	111.43	8.86	1.00	0.00E+00	0.00E+00	0.00E+00	0.00E+00	3.00E-06	5.00E-10
-362	0	0	23.98	2.85	1.00E-30	111.43	8.86	1.00	0.00E+00	0.00E+00	0.00E+00	0.00E+00	3.00E-06	5.00E-10
-363	0	0	23.98	2.85	1.00E-30	111.43	8.86	1.00	0.00E+00	0.00E+00	0.00E+00	0.00E+00	3.00E-06	5.00E-10
-364	0	0	23.98	2.85	1.00E-30	111.43	8.86	1.00	0.00E+00	0.00E+00	0.00E+00	0.00E+00	3.00E-06	5.00E-10
-365	0	0	23.98	2.85	1.00E-30	111.43	8.86	1.00	0.00E+00	0.00E+00	0.00E+00	0.00E+00	3.00E-06	5.00E-10
-366	0	0	23.98	2.85	1.00E-30	111.43	8.86	1.00	0.00E+00	0.00E+00	0.00E+00	0.00E+00	3.00E-06	5.00E-10
-367	0	0	23.98	2.85	1.00E-30	111.43	8.86	1.00	0.00E+00	0.00E+00	0.00E+00	0.00E+00	3.00E-06	5.00E-10
-368	0	0	23.98	2.85	1.00E-30	111.43	8.86	1.00	0.00E+00	0.00E+00	0.00E+00	0.00E+00	3.00E-06	5.00E-10
-369	0	0	23.98	2.85	1.00E-30	111.43	8.86	1.00	0.00E+00	0.00E+00	0.00E+00	0.00E+00	3.00E-06	5.00E-10
-370	0	0	23.98	2.85	1.00E-30	111.43	8.86	1.00	0.00E+00	0.00E+00	0.00E+00	0.00E+00	3.00E-06	5.00E-10
-371	0	0	23.98	2.85	1.00E-30	111.43	8.86	1.00	0.00E+00	0.00E+00	0.00E+00	0.00E+00	3.00E-06	5.00E-10
-372	0	0	23.98	2.85	1.00E-30	111.43	8.86	1.00	0.00E+00	0.00E+00	0.00E+00	0.00E+00	3.00E-06	5.00E-10
-373	0	0	23.98	2.85	1.00E-30	111.43	8.86	1.00	0.00E+00	0.00E+00	0.00E+00	0.00E+00	3.00E-06	5.00E-10
-374	0	0	23.98	2.85	1.00E-30	111.43	8.86	1.00	0.00E+00	0.00E+00	0.00E+00	0.00E+00	3.00E-06	5.00E-10
-375	0	0	23.98	2.85	1.00E-30	111.43	8.86	1.00	0.00E+00	0.00E+00	0.00E+00	0.00E+00	3.00E-06	5.00E-10
-376	0	0	23.98	2.85	1.00E-30	111.43	8.86	1.00	0.00E+00	0.00E+00	0.00E+00	0.00E+00	3.00E-06	5.00E-10
-377	0	0	23.98	2.85	1.00E-30	111.43	8.86	1.00	0.00E+00	0.00E+00	0.00E+00	0.00E+00	3.00E-06	5.00E-10
-378	0	0	23.98	2.85	1.00E-30	111.43	8.86	1.00	0.00E+00	0.00E+00	0.00E+00	0.00E+00	3.00E-06	5.00E-10
-379	0	0	23.98	2.85	1.00E-30	111.43	8.86	1.00	0.00E+00	0.00E+00	0.00E+00	0.00E+00	3.00E-06	5.00E-10
-380	0	0	23.98	2.85	1.00E-30	111.43	8.86	1.00	0.00E+00	0.00E+00	0.00E+00	0.00E+00	3.00E-06	5.00E-10
-381	0	0	23.98	2.85	1.00E-30	111.43	8.86	1.00	0.00E+00	0.00E+00	0.00E+00	0.00E+00	3.00E-06	5.00E-10
-382	0	0	23.98	2.85	1.00E-30	111.43	8.86	1.00	0.00E+00	0.00E+00	0.00E+00	0.00E+00	3.00E-06	5.00E-10
-383	0	0	23.98	2.85	1.00E-30	111.43	8.86	1.00	0.00E+00	0.00E+00	0.00E+00	0.00E+00	3.00E-06	5.00E-10
-384	0	0	23.98	2.85	1.00E-30	111.43	8.86	1.00	0.00E+00	0.00E+00	0.00E+00	0.00E+00	3.00E-06	5.00E-10
-385	0	0	23.98	2.85	1.00E-30	111.43	8.86	1.00	0.00E+00	0.00E+00	0.00E+00	0.00E+00	3.00E-06	5.00E-10
-386	0	0	23.98	2.85	1.00E-30	111.43	8.86	1.00	0.00E+00	0.00E+00	0.00E+00	0.00E+00	3.00E-06	5.00E-10
-387	0	0	23.98	2.85	1.00E-30	111.43	8.86	1.00	0.00E+00	0.00E+00	0.00E+00	0.00E+00	3.00E-06	5.00E-10
-388	0	0	23.98	2.85	1.00E-30	111.43	8.86	1.00	0.00E+00	0.00E+00	0.00E+00	0.00E+00	3.00E-06	5.00E-10
-389	0	0	23.98	2.85	1.00E-30	111.43	8.86	1.00	0.00E+00	0.00E+00	0.00E+00	0.00E+00	3.00E-06	5.00E-10
-390	0	0	23.98	2.85	1.00E-30	111.43	8.86	1.00	0.00E+00	0.00E+00	0.00E+00	0.00E+00	3.00E-06	5.00E-10
-391	0	0	23.98	2.85	1.00E-30	111.43	8.86	1.00	0.00E+00	0.00E+00	0.00E+00	0.00E+00	3.00E-06	5.00E-10
-392	0	0	23.98	2.85	1.00E-30	111.43	8.86	1.00	0.00E+00	0.00E+00	0.00E+00	0.00E+00	3.00E-06	5.00E-10
-393	0	0	23.98	2.85	1.00E-30	111.43	8.86	1.00	0.00E+00	0.00E+00	0.00E+00	0.00E+00	3.00E-06	5.00E-10
-394	0	0	23.98	2.85	1.00E-30	111.43	8.86	1.00	0.00E+00	0.00E+00	0.00E+00	0.00E+00	3.00E-06	5.00E-10
-395	0	0	23.98	2.85	1.00E-30	111.43	8.86	1.00	0.00E+00	0.00E+00	0.00E+00	0.00E+00	3.00E-06	5.00E-10
-396	0	0	23.98	2.85	1.00E-30	111.43	8.86	1.00	0.00E+00	0.00E+00	0.00E+00	0.00E+00	3.00E-06	5.00E-10
-397	0	0	23.98	2.85	1.00E-30	111.43	8.86	1.00	0.00E+00	0.00E+00	0.00E+00	0.00E+00	3.00E-06	5.00E-10
-398	0	0	23.98	2.85	1.00E-30	111.43	8.86	1.00	0.00E+00	0.00E+00	0.00E+00	0.00E+00	3.00E-06	5.00E-10
-399	0	0	23.98	2.85	1.00E-30	111.43	8.86	1.00	0.00E+00	0.00E+00	0.00E+00	0.00E+00	3.00E-06	5.00E-10
-400	0	0	23.98	2.85	1.00E-30	111.43	8.86	1.00	0.00E+00	0.00E+00	0.00E+00	0.00E+00	3.00E-06	5.00E-10
-401	0	0	23.98	2.85	1.00E-30	111.43	8.86	1.00	0.00E+00	0.00E+00	0.00E+00	0.00E+00	3.00E-06	5.00E-10
-402	0	0	23.98	2.85	1.00E-30	111.43	8.86	1.00	0.00E+00	0.00E+00	0.00E+00	0.00E+00	3.00E-06	5.00E-10
-403	0	0	23.98	2.85	1.00E-30	111.43	8.86	1.00	0.00E+00	0.00E+00	0.00E+00	0.00E+00	3.00E-06	5.00E-10
-404	0	0	23.98	2.85	1.00E-30	111.43	8.86	1.00	0.00E+00	0.00E+00	0.00E+00	0.00E+00	3.00E-06	5.00E-10
-405	0	0	23.98	2.85	1.00E-30	111.43	8.86	1.00	0.00E+00	0.00E+00	0.00E+00	0.00E+00	3.00E-06	5.00E-10
-406	0	0	23.98	2.85	1.00E-30	111.43	8.86	1.00	0.00E+00	0.00E+00	0.00E+00	0.00E+00	3.00E-06	5.00E-10
-407	0	0	23.98	2.85	1.00E-30	111.43	8.86	1.00	0.00E+00	0.00E+00	0.00E+00	0.00E+00	3.00E-06	5.00E-10
-408	0	0	23.98	2.85	1.00E-30	111.43	8.86	1.00	0.00E+00	0.00E+00	0.00E+00	0.00E+00	3.00E-06	5.00E-10
-409	0	0	23.98	2.85	1.00E-30	111.43	8.86	1.00	0.00E+00	0.00E+00	0.00E+00	0.00E+00	3.00E-06	5.00E-10
-410	0	0	23.98	2.85	1.00E-30	111.43	8.86	1.00	0.00E+00	0.00E+00	0.00E+00	0.00E+00	3.00E-06	5.00E-10
-411	0	0	23.98	2.85	1.00E-30	111.43	8.86	1.00	0.00E+00	0.00E+00	0.00E+00	0.00E+00	3.00E-06	5.00E-10
-412	0	0	23.98	2.85	1.00E-30	111.43	8.86	1.00	0.00E+00	0.00E+00	0.00E+00	0.00E+00	3.00E-06	5.00E-10
-413	0	0	23.98	2.85	1.00E-30	111.43	8.86	1.00	0.00E+00	0.00E+00	0.00E+00	0.00E+00	3.00E-06	5.00E-10
-414	0	0	23.98	2.85	1.00E-30	111.43	8.86	1.00	0.00E+00	0.00E+00	0.00E+00	0.00E+00	3.00E-06	5.00E-10
-415	0	0	23.98	2.85	1.00E-30	111.43	8.86	1.00	0.00E+00	0.00E+00	0.00E+00	0.00E+00	3.00E-06	5.00E-10
-416	0	0	23.98	2.85	1.00E-30	111.43	8.86	1.00	0.00E+00	0.00E+00	0.00E+00	0.00E+00	3.00E-06	5.00E-10
-417	0	0	23.98	2.85	1.00E-30	111.43	8.86	1.00	0.00E+00	0.00E+00	0.00E+00	0.00E+00	3.00E-06	5.00E-10
-418	0	0	23.98	2.85	1.00E-30	111.43	8.86	1.00	0.00E+00	0.00E+00	0.00E+00	0.00E+00	3.00E-06	5.00E-10
-419	0	0	23.98	2.85	1.00E-30	111.43	8.86	1.00	0.00E+00	0.00E+00	0.00E+00	0.00E+00	3.00E-06	5.00E-10
-420	0	0	23.98	2.85	1.00E-30	111.43	8.86	1.00	0.00E+00	0.00E+00	0.00E+00	0.00E+00	3.00E-06	5.00E-10
-421	0	0	23.98	2.85	1.00E-30	111.43	8.86	1.00	0.00E+00	0.00E+00	0.00E+00	0.00E+00	3.00E-06	5.00E-10
-422	0	0	23.98	2.85	1.00E-30	111.43	8.86	1.00	0.00E+00	0.00E+00	0.00E+00	0.00E+00	3.00E-06	5.00E-10
-423	0	0	23.98	2.85	1.00E-30	111.43	8.86	1.00	0.00E+00	0.00E+00	0.00E+00	0.00E+00	3.00E-06	5.00E-10
-424	0	0	23.98	2.85	1.00E-30	111.43	8.86	1.00	0.00E+00	0.00E+00	0.00E+00	0.00E+00	3.00E-06	5.00E-10
-425	0	0	23.98	2.85	1.00E-30	111.43	8.86	1.00	0.00E+00	0.00E+00	0.00E+00	0.00E+00	3.00E-06	5.00E-10
-426	0	0	23.98	2.85	1.00E-30	111.43	8.86	1.00	0.00E+00	0.00E+00	0.00E+00	0.00E+00	3.00E-06	5.00E-10
-427	0	0	23.98	2.85	1.00E-30	111.43	8.86	1.00	0.00E+00	0.00E+00	0.00E+00	0.00E+00	3.00E-06	5.00E-10
-428	0	0	23.98	2.85	1.00E-30	111.43	8.86	1.00	0.00E+00	0.00E+00	0.00E+00	0.00E+00	3.00E-06	5.00E-10
-429	0	0	23.98	2.85	1.00E-30	111.43	8.86	1.00	0.00E+00	0.00E+00	0.00E+00	0.00E+00	3.00E-06	5.00E-10
-430	0	0	23.98	2.85	1.00E-30	111.43	8.86	1.00	0.00E+00	0.00E+00	0.00E+00	0.00E+00	3.00E-06	5.00E-10
-431	0	0	23.98	2.85	1.00E-30	111.43	8.86	1.00	0.00E+00	0.00E+00	0.00E+00	0.00E+00	3.00E-06	5.00E-10
-432	0	0	23.98	2.85	1.00E-30	111.43	8.86	1.00	0.00E+00	0.00E+00	0.00E+00	0.00E+00	3.00E-06	5.00E-10
-433	0	0	23.98	2.85	1.00E-30	111.43	8.86	1.00	0.00E+00	0.00E+00	0.00E+00	0.00E+00	3.00E-06	5.00E-10
-434	0	0	23.98	2.85	1.00E-30	111.43	8.86	1.00	0.00E+00	0.00E+00	0.00E+00	0.00E+00	3.00E-06	5.00E-10
-435	0	0	23.98	2.85	1.00E-30	111.43	8.86	1.00	0.00E+00	0.00E+00	0.00E+00	0.00E+00	3.00E-06	5.00E-10
-436	0	0	23.98	2.85	1.00E-30	111.43	8.86	1.00	0.00E+00	0.00E+00	0.00E+00	0.00E+00	3.00E-06	5.00E-10
-437	0	0	23.98	2.85	1.00E-30	111.43	8.86	1.00	0.00E+00	0.00E+00	0.00E+00	0.00E+00	3.00E-06	5.00E-10
-438	0	0	23.98	2.85	1.00E-30	111.43	8.86	1.00	0.00E+00	0.00E+00	0.00E+00	0.00E+00	3.00E-06	5.00E-10
-439	0	0	23.98	2.85	1.00E-30	111.43	8.86	1.00	0.00E+00	0.00E+00	0.00E+00	0.00E+00	3.00E-06	5.00E-10
-440	0	0	23.98	2.85	1.00E-30	111.43	8.86	1.00	0.00E+00	0.00E+00	0.00E+00	0.00E+00	3.00E-06	5.00E-10
-441	0	0	23.98	2.85	1.00E-30	111.43	8.86	1.00	0.00E+00	0.00E+00	0.00E+00	0.00E+00	3.00E-06	5.00E-10
-442	0	0	23.98	2.85	1.00E-30	111.43	8.86	1.00	0.00E+00	0.00E+00	0.00E+00	0.00E+00	3.00E-06	5.00E-10
-443	0	0	23.98	2.85	1.00E-30	111.43	8.86	1.00	0.00E+00	0.00E+00	0.00E+00	0.00E+00	3.00E-06	5.00E-10
-444	0	0	23.98	2.85	1.00E-30	111.43	8.86	1.00	0.00E+00	0.00E+00	0.00E+00	0.00E+00	3.00E-06	5.00E-10
-445	0	0	23.98	2.85	1.00E-30	111.43	8.86	1.00	0.00E+00	0.00E+00	0.00E+00	0.00E+00	3.00E-06	5.00E-10
-446	0	0	23.98	2.85	1.00E-30	111.43	8.86	1.00	0.00E+00	0.00E+00	0.00E+00	0.00E+00	3.00E-06	5.00E-10
-447	0	0	23.98	2.85	1.00E-30	111.43	8.86	1.00	0.00E+00	0.00E+00	0.00E+00	0.00E+00	3.00E-06	5.00E-10
-448	0	0	23.98	2.85	1.00E-30	111.43	8.86	1.00	0.00E+00	0.00E+00	0.00E+00	0.00E+00	3.00E-06	5.00E-10
-449	0	0	23.98	2.85	1.00E-30	111.43	8.86	1.00	0.00E+00	0.00E+00	0.00E+00	0.00E+00	3.00E-06	5.00E-10
-450	0	0	23.98	2.85	1.00E-30	111.43	8.86	1.00	0.00E+00	0.00E+00	0.00E+00	0.00E+00	3.00E-06	5.00E-10
-451	0	0	23.98	2.85	1.00E-30	111.43	8.86	1.00	0.00E+00	0.00E+00	0.00E+00	0.00E+00	3.00E-06	5.00E-10
-452	0	0	23.98	2.85	1.00E-30	111.43	8.86	1.00	0.00E+00	0.00E+00	0.00E+00	0.00E+00	3.00E-06	5.00E-10
-453	0	0	23.98	2.85	1.00E-30	111.43	8.86	1.00	0.00E+00	0.00E+00	0.00E+00	0.00E+00	3.00E-06	5.00E-10
-454	0	0	23.98	2.85	1.00E-30	111.43	8.86	1.00	0.00E+00	0.00E+00	0.00E+00	0.00E+00	3.00E-06	5.00E-10
-455	0	0	23.98	2.85	1.00E-30	111.43	8.86	1.00	0.00E+00	0.00E+00	0.00E+00	0.00E+00	3.00E-06	5.00E-10
-456	0	0	23.98	2.85	1.00E-30	111.43	8.86	1.00	0.00E+00	0.00E+00	0.00E+00	0.00E+00	3.00E-06	5.00E-10
-457	0	0	23.98	2.85	1.00E-30	111.43	8.86	1.00	0.00E+00	0.00E+00	0.00E+00	0.00E+00	3.00E-06	5.00E-10
-458	0	0	23.98	2.85	1.00E-30	111.43	8.86	1.00	0.00E+00	0.00E+00	0.00E+00	0.00E+00	3.00E-06	5.00E-10
-459	0	0	23.98	2.85	1.00E-30	111.43	8.86	1.00	0.00E+00	0.00E+00	0.00E+00	0.00E+00	3.00E-06	5.00E-10
-460	0	0	23.98	2.85	1.00E-30	111.43	8.86	1.00	0.00E+00	0.00E+00	0.00E+00	0.00E+00	3.00E-06	5.00E-10
-461	0	0	23.98	2.85	1.00E-30	111.43	8.86	1.00	0.00E+00	0.00E+00	0.00E+00	0.00E+00	3.00E-06	5.00E-10
-462	0	0	23.98	2.85	1.00E-30	111.43	8.86	1.00	0.00E+00	0.00E+00	0.00E+00	0.00E+00	3.00E-06	5.00E-10
-463	0	0	23.98	2.85	1.00E-30	111.43	8.86	1.00	0.00E+00	0.00E+00	0.00E+00	0.00E+00	3.00E-06	5.00E-10
-464	0	0	23.98	2.85	1.00E-30	111.43	8.86	1.00	0.00E+00	0.00E+00	0.00E+00	0.00E+00	3.00E-06	5.00E-10
-465	0	0	23.98	2.85	1.00E-30	111.43	8.86	1.00	0.00E+00	0.00E+00	0.00E+00	0.00E+00	3.00E-06	5.00E-10
-466	0	0	23.98	2.85	1.00E-30	111.43	8.86	1.00	0.00E+00	0.00E+00	0.00E+00	0.00E+00	3.00E-06	5.00E-10
-467	0	0	23.98	2.85	1.00E-30	111.43	8.86	1.00	0.00E+00	0.00E+00	0.00E+00	0.00E+00	3.00E-06	5.00E-10
-468	0	0	23.98	2.85	1.00E-30	111.43	8.86	1.00	0.00E+00	0.00E+00	0.00E+00	0.00E+00	3.00E-06	5.00E-10
-469	0	0	23.98	2.85	1.00E-30	111.43	8.86	1.00	0.00E+00	0.00E+00	0.00E+00	0.00E+00	3.00E-06	5.00E-10
-470	0	0	23.98	2.85	1.00E-30	111.43	8.86	1.00	0.00E+00	0.00E+00	0.00E+00	0.00E+00	3.00E-06	5.00E-10
-471	0	0	23.98	2.85	1.00E-30	111.43	8.86	1.00	0.00E+00	0.00E+00	0.00E+00	0.00E+00	3.00E-06	5.00E-10
-472	0	0	23.98	2.85	1.00E-30	111.43	8.86	1.00	0.00E+00	0.00E+00	0.00E+00	0.00E+00	3.00E-06	5.00E-10
-473	0	0	23.98	2.85	1.00E-30	111.43	8.86	1.00	0.00E+00	0.00E+00	0.00E+00	0.00E+00	3.00E-06	5.00E-10
-474	0	0	23.98	2.85	1.00E-30	111.43	8.86	1.00	0.00E+00	0.00E+00	0.00E+00	0.00E+00	3.00E-06	5.00E-10
-475	0	0	23.98	2.85	1.00E-30	111.43	8.86	1.00	0.00E+00	0.00E+00	0.00E+00	0.00E+00	3.00E-06	5.00E-10
-476	0	0	23.98	2.85	1.00E-30	111.43	8.86	1.00	0.00E+00	0.00E+00	0.00E+00	0.00E+00	3.00E-06	5.00E-10
-477	0	0	23.98	2.85	1.00E-30	111.43	8.86	1.00	0.00E+00	0.00E+00	0.00E+00	0.00E+00	3.00E-06	5.00E-10
-478	0	0	23.98	2.85	1.00E-30	111.43	8.86	1.00	0.00E+00	0.00E+00	0.00E+00	0.00E+00	3.00E-06	5.00E-10
-479	0	0	23.98	2.85	1.00E-30	111.43	8.86	1.00	0.00E+00	0.00E+00	0.00E+00	0.00E+00	3.00E-06	5.00E-10
-480	0	0	23.98	2.85	1.00E-30	111.43	8.86	1.00	0.00E+00	0.00E+00	0.00E+00	0.00E+00	3.00E-06	5.00E-10
-481	0	0	23.98	2.85	1.00E-30	111.43	8.86	1.00	0.00E+00	0.00E+00	0.00E+00	0.00E+00	3.00E-06	5.00E-10
-482	0	0	23.98	2.85	1.00E-30	111.43	8.86	1.00	0.00E+00	0.00E+00	0.00E+00	0.00E+00	3.00E-06	5.00E-10
-483	0	0	23.98	2.85	1.00E-30	111.43	8.86	1.00	0.00E+00	0.00E+00	0.00E+00	0.00E+00	3.00E-06	5.00E-10
-484	0	0	23.98	2.85	1.00E-30	111.43	8.86	1.00	0.00E+00	0.00E+00	0.00E+00	0.00E+00	3.00E-06	5.00E-10
-485	0	0	23.98	2.85	1.00E-30	111.43	8.86	1.00	0.00E+00	0.00E+00	0.00E+00	0.00E+00	3.00E-06	5.00E-10