Time [d] Tr_in [TU], [TU m2/s]
6 8
-1 -425 -385 -335 -270 -252 -190 -485 -195 -195 -90 -90 -7 -7 0
107016	0.5	0.5	0.5	0.5	1.13	1.63	0	0	0.366	0.366	0	0	27.000	27.000
107381	0.5	0.5	0.5	0.5	1.63	2.53	0	0	0.568	0.568	0	0	45.000	45.000
107746	0.5	0.5	0.5	0.5	1.28	1.90	0	0	0.426	0.426	0	0	32.400	32.400
108111	0.5	0.5	0.5	0.5	3.70	6.26	0	0	1.409	1.409	0	0	119.700	119.700
108476	0.5	0.5	0.5	0.5	7.05	12.29	0	0	2.765	2.765	0	0	240.300	240.300
108841	0.5	0.5	0.5	0.5	4.13	7.03	0	0	1.581	1.581	0	0	135.000	135.000
109206	0.5	0.5	0.5	0.5	4.38	7.48	0	0	1.682	1.682	0	0	144.000	144.000
109571	0.5	0.5	0.5	0.5	2.95	4.92	0	0	1.106	1.106	0	0	92.842	92.842
109936	0.5	0.5	0.5	0.5	3.94	6.69	0	0	1.505	1.505	0	0	128.294	128.294
110301	0.5	0.5	0.5	0.5	4.49	7.69	0	0	1.730	1.730	0	0	148.275	148.275
110666	0.5	0.5	0.5	0.5	18.68	33.23	0	0	7.476	7.476	0	0	659.042	659.042
111031	0.5	0.5	0.5	0.5	18.14	32.25	0	0	7.255	7.255	0	0	639.420	639.420
111396	0.5	0.5	0.5	0.5	9.87	17.36	0	0	3.907	3.907	0	0	341.758	341.758
111761	0.5	0.5	0.5	0.5	6.99	12.19	0	0	2.742	2.742	0	0	238.258	238.258
112126	0.5	0.5	0.5	0.5	5.91	10.25	0	0	2.305	2.305	0	0	199.420	199.420
112491	0.5	0.5	0.5	0.5	6.09	10.55	0	0	2.375	2.375	0	0	205.588	205.588
112856	0.5	0.5	0.5	0.5	6.36	11.05	0	0	2.486	2.486	0	0	215.450	215.450
113221	0.5	0.5	0.5	0.5	6.01	10.42	0	0	2.343	2.343	0	0	202.800	202.800
113586	0.5	0.5	0.5	0.5	6.31	10.96	0	0	2.467	2.467	0	0	213.797	213.797
113951	0.5	0.5	0.5	0.5	4.23	7.21	0	0	1.622	1.622	0	0	138.693	138.693
114316	0.5	0.5	0.5	0.5	4.07	6.92	0	0	1.556	1.556	0	0	132.848	132.848
114681	0.5	0.5	0.5	0.5	4.33	7.39	0	0	1.662	1.662	0	0	142.269	142.269
115046	0.5	0.5	0.5	0.5	3.91	6.64	0	0	1.495	1.495	0	0	127.350	127.350
115411	0.5	0.5	0.5	0.5	3.04	5.07	0	0	1.140	1.140	0	0	95.800	95.800
115776	0.5	0.5	0.5	0.5	2.25	3.65	0	0	0.821	0.821	0	0	67.500	67.500
116141	0.5	0.5	0.5	0.5	2.52	4.13	0	0	0.929	0.929	0	0	77.100	77.100
116506	0.5	0.5	0.5	0.5	2.66	4.39	0	0	0.987	0.987	0	0	82.200	82.200
116871	0.5	0.5	0.5	0.5	2.38	3.89	0	0	0.875	0.875	0	0	72.300	72.300
117236	0.5	0.5	0.5	0.5	2.50	4.10	0	0	0.923	0.923	0	0	76.500	76.500
117601	0.5	0.5	0.5	0.5	3.58	6.04	0	0	1.358	1.358	0	0	115.200	115.200
117966	0.5	0.5	0.5	0.5	2.25	3.65	0	0	0.820	0.820	0	0	67.428	67.428
118331	0.5	0.5	0.5	0.5	2.17	3.51	0	0	0.790	0.790	0	0	64.702	64.702
118696	0.5	0.5	0.5	0.5	2.10	3.37	0	0	0.759	0.759	0	0	61.977	61.977
119061	0.5	0.5	0.5	0.5	2.02	3.24	0	0	0.728	0.728	0	0	59.254	59.254
119426	0.5	0.5	0.5	0.5	1.95	3.10	0	0	0.698	0.698	0	0	56.532	56.532
119791	0.5	0.5	0.5	0.5	1.87	2.97	0	0	0.667	0.667	0	0	53.811	53.811
120156	0.5	0.5	0.5	0.5	1.30	1.94	0	0	0.437	0.437	0	0	33.300	33.300
120521	0.5	0.5	0.5	0.5	1.37	2.07	0	0	0.465	0.465	0	0	35.850	35.850
120886	0.5	0.5	0.5	0.5	1.21	1.77	0	0	0.398	0.398	0	0	29.880	29.880
121251	0.5	0.5	0.5	0.5	1.41	2.15	0	0	0.483	0.483	0	0	37.420	37.420
121616	0.5	0.5	0.5	0.5	1.34	2.02	0	0	0.453	0.453	0	0	34.800	34.800
121981	0.5	0.5	0.5	0.5	1.26	1.86	0	0	0.419	0.419	0	0	31.770	31.770
122346	0.5	0.5	0.5	0.5	1.25	1.84	0	0	0.415	0.415	0	0	31.365	31.365
122711	0.5	0.5	0.5	0.5	1.63	2.53	0	0	0.570	0.570	0	0	45.180	45.180
123076	0.5	0.5	0.5	0.5	1.26	1.86	0	0	0.419	0.419	0	0	31.716	31.716
123441	0.5	0.5	0.5	0.5	1.23	1.82	0	0	0.410	0.410	0	0	30.924	30.924
123806	0.5	0.5	0.5	0.5	1.15	1.68	0	0	0.378	0.378	0	0	28.065	28.065
124171	0.5	0.5	0.5	0.5	1.10	1.57	0	0	0.354	0.354	0	0	25.990	25.990
124536	0.5	0.5	0.5	0.5	1.19	1.74	0	0	0.392	0.392	0	0	29.302	29.302
124901	0.5	0.5	0.5	0.5	1.17	1.71	0	0	0.384	0.384	0	0	28.676	28.676
125266	0.5	0.5	0.5	0.5	1.15	1.68	0	0	0.377	0.377	0	0	28.051	28.051
125631	0.5	0.5	0.5	0.5	1.14	1.65	0	0	0.370	0.370	0	0	27.425	27.425
125996	0.5	0.5	0.5	0.5	1.12	1.61	0	0	0.363	0.363	0	0	26.800	26.800
126361	0.5	0.5	0.5	0.5	1.10	1.58	0	0	0.356	0.356	0	0	26.174	26.174
126726	0.5	0.5	0.5	0.5	1.08	1.55	0	0	0.349	0.349	0	0	25.549	25.549
127091	0.5	0.5	0.5	0.5	1.07	1.52	0	0	0.342	0.342	0	0	24.923	24.923
127456	0.5	0.5	0.5	0.5	1.05	1.49	0	0	0.335	0.335	0	0	24.298	24.298
127821	0.5	0.5	0.5	0.5	1.03	1.46	0	0	0.328	0.328	0	0	23.672	23.672
128186	0.5	0.5	0.5	0.5	1.02	1.43	0	0	0.321	0.321	0	0	23.047	23.047
128551	0.5	0.5	0.5	0.5	1.00	1.40	0	0	0.314	0.314	0	0	22.421	22.421
128916	0.5	0.5	0.5	0.5	0.98	1.36	0	0	0.307	0.307	0	0	21.796	21.796
129281	0.5	0.5	0.5	0.5	0.96	1.33	0	0	0.300	0.300	0	0	21.170	21.170
129646	0.5	0.5	0.5	0.5	0.95	1.30	0	0	0.293	0.293	0	0	20.545	20.545
130011	0.5	0.5	0.5	0.5	0.93	1.27	0	0	0.286	0.286	0	0	19.919	19.919
130376	0.5	0.5	0.5	0.5	0.91	1.24	0	0	0.279	0.279	0	0	19.294	19.294
131110	0.5	0.5	0.5	0.5	0.91	1.24	0	0	0.279	0.279	0	0	19.294	19.294