Time [d] Tr_in [TU], [TU m2/s]
6 8
-1 -425 -385 -335 -270 -252 -190 -485 -195 -195 -90 -90 -7 -7 0 
107016	0.5	0.5	0.5	0.5	1.00	1.50	0	0	0.300	0.300	0	0	27.000	27.000
107381	0.5	0.5	0.5	0.5	1.40	2.30	0	0	0.460	0.460	0	0	45.000	45.000
107746	0.5	0.5	0.5	0.5	1.12	1.74	0	0	0.348	0.348	0	0	32.400	32.400
108111	0.5	0.5	0.5	0.5	3.06	5.62	0	0	1.124	1.124	0	0	119.700	119.700
108476	0.5	0.5	0.5	0.5	5.74	10.98	0	0	2.196	2.196	0	0	240.300	240.300
108841	0.5	0.5	0.5	0.5	3.40	6.30	0	0	1.260	1.260	0	0	135.000	135.000
109206	0.5	0.5	0.5	0.5	3.60	6.70	0	0	1.340	1.340	0	0	144.000	144.000
109571	0.5	0.5	0.5	0.5	2.46	4.43	0	0	0.885	0.885	0	0	92.842	92.842
109936	0.5	0.5	0.5	0.5	3.25	6.00	0	0	1.200	1.200	0	0	128.294	128.294
110301	0.5	0.5	0.5	0.5	3.70	6.89	0	0	1.378	1.378	0	0	148.275	148.275
110666	0.5	0.5	0.5	0.5	15.05	29.59	0	0	5.918	5.918	0	0	659.042	659.042
111031	0.5	0.5	0.5	0.5	14.61	28.72	0	0	5.744	5.744	0	0	639.420	639.420
111396	0.5	0.5	0.5	0.5	7.99	15.49	0	0	3.098	3.098	0	0	341.758	341.758
111761	0.5	0.5	0.5	0.5	5.69	10.89	0	0	2.178	2.178	0	0	238.258	238.258
112126	0.5	0.5	0.5	0.5	4.83	9.16	0	0	1.833	1.833	0	0	199.420	199.420
112491	0.5	0.5	0.5	0.5	4.97	9.44	0	0	1.887	1.887	0	0	205.588	205.588
112856	0.5	0.5	0.5	0.5	5.19	9.88	0	0	1.975	1.975	0	0	215.450	215.450
113221	0.5	0.5	0.5	0.5	4.91	9.31	0	0	1.863	1.863	0	0	202.800	202.800
113586	0.5	0.5	0.5	0.5	5.15	9.80	0	0	1.960	1.960	0	0	213.797	213.797
113951	0.5	0.5	0.5	0.5	3.48	6.46	0	0	1.293	1.293	0	0	138.693	138.693
114316	0.5	0.5	0.5	0.5	3.35	6.20	0	0	1.241	1.241	0	0	132.848	132.848
114681	0.5	0.5	0.5	0.5	3.56	6.62	0	0	1.325	1.325	0	0	142.269	142.269
115046	0.5	0.5	0.5	0.5	3.23	5.96	0	0	1.192	1.192	0	0	127.350	127.350
115411	0.5	0.5	0.5	0.5	2.53	4.56	0	0	0.912	0.912	0	0	95.800	95.800
115776	0.5	0.5	0.5	0.5	1.90	3.30	0	0	0.660	0.660	0	0	67.500	67.500
116141	0.5	0.5	0.5	0.5	2.11	3.73	0	0	0.745	0.745	0	0	77.100	77.100
116506	0.5	0.5	0.5	0.5	2.23	3.95	0	0	0.791	0.791	0	0	82.200	82.200
116871	0.5	0.5	0.5	0.5	2.01	3.51	0	0	0.703	0.703	0	0	72.300	72.300
117236	0.5	0.5	0.5	0.5	2.10	3.70	0	0	0.740	0.740	0	0	76.500	76.500
117601	0.5	0.5	0.5	0.5	2.96	5.42	0	0	1.084	1.084	0	0	115.200	115.200
117966	0.5	0.5	0.5	0.5	1.90	3.30	0	0	0.659	0.659	0	0	67.428	67.428
118331	0.5	0.5	0.5	0.5	1.84	3.18	0	0	0.635	0.635	0	0	64.702	64.702
118696	0.5	0.5	0.5	0.5	1.78	3.05	0	0	0.611	0.611	0	0	61.977	61.977
119061	0.5	0.5	0.5	0.5	1.72	2.93	0	0	0.587	0.587	0	0	59.254	59.254
119426	0.5	0.5	0.5	0.5	1.66	2.81	0	0	0.563	0.563	0	0	56.532	56.532
119791	0.5	0.5	0.5	0.5	1.60	2.69	0	0	0.538	0.538	0	0	53.811	53.811
120156	0.5	0.5	0.5	0.5	1.14	1.78	0	0	0.356	0.356	0	0	33.300	33.300
120521	0.5	0.5	0.5	0.5	1.20	1.89	0	0	0.379	0.379	0	0	35.850	35.850
120886	0.5	0.5	0.5	0.5	1.06	1.63	0	0	0.326	0.326	0	0	29.880	29.880
121251	0.5	0.5	0.5	0.5	1.23	1.96	0	0	0.393	0.393	0	0	37.420	37.420
121616	0.5	0.5	0.5	0.5	1.17	1.85	0	0	0.369	0.369	0	0	34.800	34.800
121981	0.5	0.5	0.5	0.5	1.11	1.71	0	0	0.342	0.342	0	0	31.770	31.770
122346	0.5	0.5	0.5	0.5	1.10	1.69	0	0	0.339	0.339	0	0	31.365	31.365
122711	0.5	0.5	0.5	0.5	1.40	2.31	0	0	0.462	0.462	0	0	45.180	45.180
123076	0.5	0.5	0.5	0.5	1.10	1.71	0	0	0.342	0.342	0	0	31.716	31.716
123441	0.5	0.5	0.5	0.5	1.09	1.67	0	0	0.335	0.335	0	0	30.924	30.924
123806	0.5	0.5	0.5	0.5	1.02	1.55	0	0	0.309	0.309	0	0	28.065	28.065
124171	0.5	0.5	0.5	0.5	0.98	1.46	0	0	0.291	0.291	0	0	25.990	25.990
124536	0.5	0.5	0.5	0.5	1.05	1.60	0	0	0.320	0.320	0	0	29.302	29.302
124901	0.5	0.5	0.5	0.5	1.04	1.57	0	0	0.315	0.315	0	0	28.676	28.676
125266	0.5	0.5	0.5	0.5	1.02	1.55	0	0	0.309	0.309	0	0	28.051	28.051
125631	0.5	0.5	0.5	0.5	1.01	1.52	0	0	0.304	0.304	0	0	27.425	27.425
125996	0.5	0.5	0.5	0.5	1.00	1.49	0	0	0.298	0.298	0	0	26.800	26.800
126361	0.5	0.5	0.5	0.5	0.98	1.46	0	0	0.293	0.293	0	0	26.174	26.174
126726	0.5	0.5	0.5	0.5	0.97	1.44	0	0	0.287	0.287	0	0	25.549	25.549
127091	0.5	0.5	0.5	0.5	0.95	1.41	0	0	0.282	0.282	0	0	24.923	24.923
127456	0.5	0.5	0.5	0.5	0.94	1.38	0	0	0.276	0.276	0	0	24.298	24.298
127821	0.5	0.5	0.5	0.5	0.93	1.35	0	0	0.270	0.270	0	0	23.672	23.672
128186	0.5	0.5	0.5	0.5	0.91	1.32	0	0	0.265	0.265	0	0	23.047	23.047
128551	0.5	0.5	0.5	0.5	0.90	1.30	0	0	0.259	0.259	0	0	22.421	22.421
128916	0.5	0.5	0.5	0.5	0.88	1.27	0	0	0.254	0.254	0	0	21.796	21.796
129281	0.5	0.5	0.5	0.5	0.87	1.24	0	0	0.248	0.248	0	0	21.170	21.170
129646	0.5	0.5	0.5	0.5	0.86	1.21	0	0	0.243	0.243	0	0	20.545	20.545
130011	0.5	0.5	0.5	0.5	0.84	1.19	0	0	0.237	0.237	0	0	19.919	19.919
130376	0.5	0.5	0.5	0.5	0.83	1.16	0	0	0.232	0.232	0	0	19.294	19.294
131110	0.5	0.5	0.5	0.5	0.83	1.16	0	0	0.232	0.232	0	0	19.294	19.294
