Depth	
0	1.00E-05
-0.5	1.00E-05
-1	1.00E-05
-1.5	1.00E-05
-2	1.00E-05
-2.5	1.00E-05
-3	1.00E-05
-3.5	1.00E-05
-4	1.00E-05
-4.5	1.00E-05
-5	1.00E-05
-5.5	1.00E-05
-6	1.00E-05
-6.5	1.00E-05
-7	1.00E-05
-7.5	1.00E-05
-8	1.00E-05
-8.5	1.00E-05
-9	1.00E-05
-9.5	1.00E-05
-10	1.00E-05
-10.5	1.00E-05
-11	1.00E-05
-11.5	1.00E-05
-12	1.00E-05
-12.5	1.00E-05
-13	1.00E-05
-13.5	1.00E-05
-14	1.00E-05
-14.5	1.00E-05
-15	1.00E-05
-15.5	1.00E-05
-16	1.00E-05
-16.5	1.00E-05
-17	1.00E-05
-17.5	1.00E-05
-18	1.00E-05
-18.5	1.00E-05
-19	1.00E-05
-19.5	1.00E-05
-20	1.00E-05
-20.5	1.00E-05
-21	1.00E-05
-21.5	1.00E-05
-22	1.00E-05
-22.5	1.00E-05
-23	1.00E-05
-23.5	1.00E-05
-24	1.00E-05
-24.5	1.00E-05
-25	1.00E-05
-25.5	1.00E-05
-26	1.00E-05
-26.5	1.00E-05
-27	1.00E-05
-27.5	1.00E-05
-28	1.00E-05
-28.5	1.00E-05
-29	1.00E-05
-29.5	1.00E-05
-30	1.00E-05
-30.5	1.00E-05
-31	1.00E-05
-31.5	1.00E-05
-32	1.00E-05
-32.5	1.00E-05
-33	1.00E-05
-33.5	1.00E-05
-34	1.00E-05
-34.5	1.00E-05
-35	1.00E-05
-35.5	1.00E-05
-36	1.00E-05
-36.5	1.00E-05
-37	1.00E-05
-37.5	1.00E-05
-38	1.00E-05
-38.5	1.00E-05
-39	1.00E-05
-39.5	1.00E-05
-40	1.00E-05
-40.5	1.00E-05
-41	1.00E-05
-41.5	1.00E-05
-42	1.00E-05
-42.5	1.00E-05
-43	1.00E-05
-43.5	1.00E-05
-44	1.00E-05
-44.5	1.00E-05
-45	1.00E-05
-45.5	1.00E-05
-46	1.00E-05
-46.5	1.00E-05
-47	1.00E-05
-47.5	1.00E-05
-48	1.00E-05
-48.5	1.00E-05
-49	1.00E-05
-49.5	1.00E-05
-50	1.00E-05
-50.5	1.00E-05
-51	1.00E-05
-51.5	1.00E-05
-52	1.00E-05
-52.5	1.00E-05
-53	1.00E-05
-53.5	1.00E-05
-54	1.00E-05
-54.5	1.00E-05
-55	1.00E-05
-55.5	1.00E-05
-56	1.00E-05
-56.5	1.00E-05
-57	1.00E-05
-57.5	1.00E-05
-58	1.00E-05
-58.5	1.00E-05
-59	1.00E-05
-59.5	1.00E-05
-60	1.00E-05
-60.5	1.00E-05
-61	1.00E-05
-61.5	1.00E-05
-62	1.00E-05
-62.5	1.00E-05
-63	1.00E-05
-63.5	1.00E-05
-64	1.00E-05
-64.5	1.00E-05
-65	1.00E-05
-65.5	1.00E-05
-66	1.00E-05
-66.5	1.00E-05
-67	1.00E-05
-67.5	1.00E-05
-68	1.00E-05
-68.5	1.00E-05
-69	1.00E-05
-69.5	1.00E-05
-70	1.00E-05
-70.5	1.00E-05
-71	1.00E-05
-71.5	1.00E-05
-72	1.00E-05
-72.5	1.00E-05
-73	1.00E-05
-73.5	1.00E-05
-74	1.00E-05
-74.5	1.00E-05
-75	1.00E-05
-75.5	1.00E-05
-76	1.00E-05
-76.5	1.00E-05
-77	1.00E-05
-77.5	1.00E-05
-78	1.00E-05
-78.5	1.00E-05
-79	1.00E-05
-79.5	1.00E-05
-80	1.00E-05
-80.5	1.00E-05
-81	1.00E-05
-81.5	1.00E-05
-82	1.00E-05
-82.5	1.00E-05
-83	1.00E-05
-83.5	1.00E-05
-84	1.00E-05
-84.5	1.00E-05
-85	1.00E-05
-85.5	1.00E-05
-86	1.00E-05
-86.5	1.00E-05
-87	1.00E-05
-87.5	1.00E-05
-88	1.00E-05
-88.5	1.00E-05
-89	1.00E-05
-89.5	1.00E-05
-90	1.00E-05
-90.5	1.00E-05
-91	1.00E-05
-91.5	1.00E-05
-92	1.00E-05
-92.5	1.00E-05
-93	1.00E-05
-93.5	1.00E-05
-94	1.00E-05
-94.5	1.00E-05
-95	1.00E-05
-95.5	1.00E-05
-96	1.00E-05
-96.5	1.00E-05
-97	1.00E-05
-97.5	1.00E-05
-98	1.00E-05
-98.5	1.00E-05
-99	1.00E-05
-99.5	1.00E-05
-100	1.00E-05
-100.5	1.00E-05
-101	1.00E-05
-101.5	1.00E-05
-102	1.00E-05
-102.5	1.00E-05
-103	1.00E-05
-103.5	1.00E-05
-104	1.00E-05
-104.5	1.00E-05
-105	1.00E-05
-105.5	1.00E-05
-106	1.00E-05
-106.5	1.00E-05
-107	1.00E-05
-107.5	1.00E-05
-108	1.00E-05
-108.5	1.00E-05
-109	1.00E-05
-109.5	1.00E-05
-110	1.00E-05
-110.5	1.00E-05
-111	1.00E-05
-111.5	1.00E-05
-112	1.00E-05
-112.5	1.00E-05
-113	1.00E-05
-113.5	1.00E-05
-114	1.00E-05
-114.5	1.00E-05
-115	1.00E-05
-115.5	1.00E-05
-116	1.00E-05
-116.5	1.00E-05
-117	1.00E-05
-117.5	1.00E-05
-118	1.00E-05
-118.5	1.00E-05
-119	1.00E-05
-119.5	1.00E-05
-120	1.00E-05
-120.5	1.00E-05
-121	1.00E-05
-121.5	1.00E-05
-122	1.00E-05
-122.5	1.00E-05
-123	1.00E-05
-123.5	1.00E-05
-124	1.00E-05
-124.5	1.00E-05
-125	1.00E-05
-125.5	1.00E-05
-126	1.00E-05
-126.5	1.00E-05
-127	1.00E-05
-127.5	1.00E-05
-128	1.00E-05
-128.5	1.00E-05
-129	1.00E-05
-129.5	1.00E-05
-130	1.00E-05
-130.5	1.00E-05
-131	1.00E-05
-131.5	1.00E-05
-132	1.00E-05
-132.5	1.00E-05
-133	1.00E-05
-133.5	1.00E-05
-134	1.00E-05
-134.5	1.00E-05
-135	1.00E-05
-135.5	1.00E-05
-136	1.00E-05
-136.5	1.00E-05
-137	1.00E-05
-137.5	1.00E-05
-138	1.00E-05
-138.5	1.00E-05
-139	1.00E-05
-139.5	1.00E-05
-140	1.00E-05
-140.5	1.00E-05
-141	1.00E-05
-141.5	1.00E-05
-142	1.00E-05
-142.5	1.00E-05
-143	1.00E-05
-143.5	1.00E-05
-144	1.00E-05
-144.5	1.00E-05
-145	1.00E-05
-145.5	1.00E-05
-146	1.00E-05
-146.5	1.00E-05
-147	1.00E-05
-147.5	1.00E-05
-148	1.00E-05
-148.5	1.00E-05
-149	1.00E-05
-149.5	1.00E-05
-150	1.00E-05
-150.5	1.00E-05
-151	1.00E-05
-151.5	1.00E-05
-152	1.00E-05
-152.5	1.00E-05
-153	1.00E-05
-153.5	1.00E-05
-154	1.00E-05
-154.5	1.00E-05
-155	1.00E-05
-155.5	1.00E-05
-156	1.00E-05
-156.5	1.00E-05
-157	1.00E-05
-157.5	1.00E-05
-158	1.00E-05
-158.5	1.00E-05
-159	1.00E-05
-159.5	1.00E-05
-160	1.00E-05
-160.5	1.00E-05
-161	1.00E-05
-161.5	1.00E-05
-162	1.00E-05
-162.5	1.00E-05
-163	1.00E-05
-163.5	1.00E-05
-164	1.00E-05
-164.5	1.00E-05
-165	1.00E-05
-165.5	1.00E-05
-166	1.00E-05
-166.5	1.00E-05
-167	1.00E-05
-167.5	1.00E-05
-168	1.00E-05
-168.5	1.00E-05
-169	1.00E-05
-169.5	1.00E-05
-170	1.00E-05
-170.5	1.00E-05
-171	1.00E-05
-171.5	1.00E-05
-172	1.00E-05
-172.5	1.00E-05
-173	1.00E-05
-173.5	1.00E-05
-174	1.00E-05
-174.5	1.00E-05
-175	1.00E-05
-175.5	1.00E-05
-176	1.00E-05
-176.5	1.00E-05
-177	1.00E-05
-177.5	1.00E-05
-178	1.00E-05
-178.5	1.00E-05
-179	1.00E-05
-179.5	1.00E-05
-180	1.00E-05
-180.5	1.00E-05
-181	1.00E-05
-181.5	1.00E-05
-182	1.00E-05
-182.5	1.00E-05
-183	1.00E-05
-183.5	1.00E-05
-184	1.00E-05
-184.5	1.00E-05
-185	1.00E-05
-185.5	1.00E-05
-186	1.00E-05
-186.5	1.00E-05
-187	1.00E-05
-187.5	1.00E-05
-188	1.00E-05
-188.5	1.00E-05
-189	1.00E-05
-189.5	1.00E-05
-190	1.00E-05
-190.5	1.00E-05
-191	1.00E-05
-191.5	1.00E-05
-192	1.00E-05
-192.5	1.00E-05
-193	1.00E-05
-193.5	1.00E-05
-194	1.00E-05
-194.5	1.00E-05
-195	1.00E-05
-195.5	1.00E-05
-196	1.00E-05
-196.5	1.00E-05
-197	1.00E-05
-197.5	1.00E-05
-198	1.00E-05
-198.5	1.00E-05
-199	1.00E-05
-199.5	1.00E-05
-200	1.00E-05
-200.5	1.00E-05
-201	1.00E-05
-201.5	1.00E-05
-202	1.00E-05
-202.5	1.00E-05
-203	1.00E-05
-203.5	1.00E-05
-204	1.00E-05
-204.5	1.00E-05
-205	1.00E-05
-205.5	1.00E-05
-206	1.00E-05
-206.5	1.00E-05
-207	1.00E-05
-207.5	1.00E-05
-208	1.00E-05
-208.5	1.00E-05
-209	1.00E-05
-209.5	1.00E-05
-210	1.00E-05
-210.5	1.00E-05
-211	1.00E-05
-211.5	1.00E-05
-212	1.00E-05
-212.5	1.00E-05
-213	1.00E-05
-213.5	1.00E-05
-214	1.00E-05
-214.5	1.00E-05
-215	1.00E-05
-215.5	1.00E-05
-216	1.00E-05
-216.5	1.00E-05
-217	1.00E-05
-217.5	1.00E-05
-218	1.00E-05
-218.5	1.00E-05
-219	1.00E-05
-219.5	1.00E-05
-220	1.00E-05
-220.5	1.00E-05
-221	1.00E-05
-221.5	1.00E-05
-222	1.00E-05
-222.5	1.00E-05
-223	1.00E-05
-223.5	1.00E-05
-224	1.00E-05
-224.5	1.00E-05
-225	1.00E-05
-225.5	1.00E-05
-226	1.00E-05
-226.5	1.00E-05
-227	1.00E-05
-227.5	1.00E-05
-228	1.00E-05
-228.5	1.00E-05
-229	1.00E-05
-229.5	1.00E-05
-230	1.00E-05
-230.5	1.00E-05
-231	1.00E-05
-231.5	1.00E-05
-232	1.00E-05
-232.5	1.00E-05
-233	1.00E-05
-233.5	1.00E-05
-234	1.00E-05
-234.5	1.00E-05
-235	1.00E-05
-235.5	1.00E-05
-236	1.00E-05
-236.5	1.00E-05
-237	1.00E-05
-237.5	1.00E-05
-238	1.00E-05
-238.5	1.00E-05
-239	1.00E-05
-239.5	1.00E-05
-240	1.00E-05
-240.5	1.00E-05
-241	1.00E-05
-241.5	1.00E-05
-242	1.00E-05
-242.5	1.00E-05
-243	1.00E-05
-243.5	1.00E-05
-244	1.00E-05
-244.5	1.00E-05
-245	1.00E-05
-245.5	1.00E-05
-246	1.00E-05
-246.5	1.00E-05
-247	1.00E-05
-247.5	1.00E-05
-248	1.00E-05
-248.5	1.00E-05
-249	1.00E-05
-249.5	1.00E-05
-250	1.00E-05
-250.5	1.00E-05
-251	1.00E-05
-251.5	1.00E-05
-252	1.00E-05
-252.5	1.00E-05
-253	1.00E-05
-253.5	1.00E-05
-254	1.00E-05
-254.5	1.00E-05
-255	1.00E-05
-255.5	1.00E-05
-256	1.00E-05
-256.5	1.00E-05
-257	1.00E-05
-257.5	1.00E-05
-258	1.00E-05
-258.5	1.00E-05
-259	1.00E-05
-259.5	1.00E-05
-260	1.00E-05
-260.5	1.00E-05
-261	1.00E-05
-261.5	1.00E-05
-262	1.00E-05
-262.5	1.00E-05
-263	1.00E-05
-263.5	1.00E-05
-264	1.00E-05
-264.5	1.00E-05
-265	1.00E-05
-265.5	1.00E-05
-266	1.00E-05
-266.5	1.00E-05
-267	1.00E-05
-267.5	1.00E-05
-268	1.00E-05
-268.5	1.00E-05
-269	1.00E-05
-269.5	1.00E-05
-270	1.00E-05
-270.5	1.00E-05
-271	1.00E-05
-271.5	1.00E-05
-272	1.00E-05
-272.5	1.00E-05
-273	1.00E-05
-273.5	1.00E-05
-274	1.00E-05
-274.5	1.00E-05
-275	1.00E-05
-275.5	1.00E-05
-276	1.00E-05
-276.5	1.00E-05
-277	1.00E-05
-277.5	1.00E-05
-278	1.00E-05
-278.5	1.00E-05
-279	1.00E-05
-279.5	1.00E-05
-280	1.00E-05
-280.5	1.00E-05
-281	1.00E-05
-281.5	1.00E-05
-282	1.00E-05
-282.5	1.00E-05
-283	1.00E-05
-283.5	1.00E-05
-284	1.00E-05
-284.5	1.00E-05
-285	1.00E-05
-285.5	1.00E-05
-286	1.00E-05
-286.5	1.00E-05
-287	1.00E-05
-287.5	1.00E-05
-288	1.00E-05
-288.5	1.00E-05
-289	1.00E-05
-289.5	1.00E-05
-290	1.00E-05
-290.5	1.00E-05
-291	1.00E-05
-291.5	1.00E-05
-292	1.00E-05
-292.5	1.00E-05
-293	1.00E-05
-293.5	1.00E-05
-294	1.00E-05
-294.5	1.00E-05
-295	1.00E-05
-295.5	1.00E-05
-296	1.00E-05
-296.5	1.00E-05
-297	1.00E-05
-297.5	1.00E-05
-298	1.00E-05
-298.5	1.00E-05
-299	1.00E-05
-299.5	1.00E-05
-300	1.00E-05
-300.5	1.00E-05
-301	1.00E-05
-301.5	1.00E-05
-302	1.00E-05
-302.5	1.00E-05
-303	1.00E-05
-303.5	1.00E-05
-304	1.00E-05
-304.5	1.00E-05
-305	1.00E-05
-305.5	1.00E-05
-306	1.00E-05
-306.5	1.00E-05
-307	1.00E-05
-307.5	1.00E-05
-308	1.00E-05
-308.5	1.00E-05
-309	1.00E-05
-309.5	1.00E-05
-310	1.00E-05
-310.5	1.00E-05
-311	1.00E-05
-311.5	1.00E-05
-312	1.00E-05
-312.5	1.00E-05
-313	1.00E-05
-313.5	1.00E-05
-314	1.00E-05
-314.5	1.00E-05
-315	1.00E-05
-315.5	1.00E-05
-316	1.00E-05
-316.5	1.00E-05
-317	1.00E-05
-317.5	1.00E-05
-318	1.00E-05
-318.5	1.00E-05
-319	1.00E-05
-319.5	1.00E-05
-320	1.00E-05
-320.5	1.00E-05
-321	1.00E-05
-321.5	1.00E-05
-322	1.00E-05
-322.5	1.00E-05
-323	1.00E-05
-323.5	1.00E-05
-324	1.00E-05
-324.5	1.00E-05
-325	1.00E-05
-325.5	1.00E-05
-326	1.00E-05
-326.5	1.00E-05
-327	1.00E-05
-327.5	1.00E-05
-328	1.00E-05
-328.5	1.00E-05
-329	1.00E-05
-329.5	1.00E-05
-330	1.00E-05
-330.5	1.00E-05
-331	1.00E-05
-331.5	1.00E-05
-332	1.00E-05
-332.5	1.00E-05
-333	1.00E-05
-333.5	1.00E-05
-334	1.00E-05
-334.5	1.00E-05
-335	1.00E-05
-335.5	1.00E-05
-336	1.00E-05
-336.5	1.00E-05
-337	1.00E-05
-337.5	1.00E-05
-338	1.00E-05
-338.5	1.00E-05
-339	1.00E-05
-339.5	1.00E-05
-340	1.00E-05
-340.5	1.00E-05
-341	1.00E-05
-341.5	1.00E-05
-342	1.00E-05
-342.5	1.00E-05
-343	1.00E-05
-343.5	1.00E-05
-344	1.00E-05
-344.5	1.00E-05
-345	1.00E-05
-345.5	1.00E-05
-346	1.00E-05
-346.5	1.00E-05
-347	1.00E-05
-347.5	1.00E-05
-348	1.00E-05
-348.5	1.00E-05
-349	1.00E-05
-349.5	1.00E-05
-350	1.00E-05
-350.5	1.00E-05
-351	1.00E-05
-351.5	1.00E-05
-352	1.00E-05
-352.5	1.00E-05
-353	1.00E-05
-353.5	1.00E-05
-354	1.00E-05
-354.5	1.00E-05
-355	1.00E-05
-355.5	1.00E-05
-356	1.00E-05
-356.5	1.00E-05
-357	1.00E-05
-357.5	1.00E-05
-358	1.00E-05
-358.5	1.00E-05
-359	1.00E-05
-359.5	1.00E-05
-360	1.00E-05
-360.5	1.00E-05
-361	1.00E-05
-361.5	1.00E-05
-362	1.00E-05
-362.5	1.00E-05
-363	1.00E-05
-363.5	1.00E-05
-364	1.00E-05
-364.5	1.00E-05
-365	1.00E-05
-365.5	1.00E-05
-366	1.00E-05
-366.5	1.00E-05
-367	1.00E-05
-367.5	1.00E-05
-368	1.00E-05
-368.5	1.00E-05
-369	1.00E-05
-369.5	1.00E-05
-370	1.00E-05
-370.5	1.00E-05
-371	1.00E-05
-371.5	1.00E-05
-372	1.00E-05
-372.5	1.00E-05
-373	1.00E-05
-373.5	1.00E-05
-374	1.00E-05
-374.5	1.00E-05
-375	1.00E-05
-375.5	1.00E-05
-376	1.00E-05
-376.5	1.00E-05
-377	1.00E-05
-377.5	1.00E-05
-378	1.00E-05
-378.5	1.00E-05
-379	1.00E-05
-379.5	1.00E-05
-380	1.00E-05
-380.5	1.00E-05
-381	1.00E-05
-381.5	1.00E-05
-382	1.00E-05
-382.5	1.00E-05
-383	1.00E-05
-383.5	1.00E-05
-384	1.00E-05
-384.5	1.00E-05
-385	1.00E-05
-385.5	1.00E-05
-386	1.00E-05
-386.5	1.00E-05
-387	1.00E-05
-387.5	1.00E-05
-388	1.00E-05
-388.5	1.00E-05
-389	1.00E-05
-389.5	1.00E-05
-390	1.00E-05
-390.5	1.00E-05
-391	1.00E-05
-391.5	1.00E-05
-392	1.00E-05
-392.5	1.00E-05
-393	1.00E-05
-393.5	1.00E-05
-394	1.00E-05
-394.5	1.00E-05
-395	1.00E-05
-395.5	1.00E-05
-396	1.00E-05
-396.5	1.00E-05
-397	1.00E-05
-397.5	1.00E-05
-398	1.00E-05
-398.5	1.00E-05
-399	1.00E-05
-399.5	1.00E-05
-400	1.00E-05
-400.5	1.00E-05
-401	1.00E-05
-401.5	1.00E-05
-402	1.00E-05
-402.5	1.00E-05
-403	1.00E-05
-403.5	1.00E-05
-404	1.00E-05
-404.5	1.00E-05
-405	1.00E-05
-405.5	1.00E-05
-406	1.00E-05
-406.5	1.00E-05
-407	1.00E-05
-407.5	1.00E-05
-408	1.00E-05
-408.5	1.00E-05
-409	1.00E-05
-409.5	1.00E-05
-410	1.00E-05
-410.5	1.00E-05
-411	1.00E-05
-411.5	1.00E-05
-412	1.00E-05
-412.5	1.00E-05
-413	1.00E-05
-413.5	1.00E-05
-414	1.00E-05
-414.5	1.00E-05
-415	1.00E-05
-415.5	1.00E-05
-416	1.00E-05
-416.5	1.00E-05
-417	1.00E-05
-417.5	1.00E-05
-418	1.00E-05
-418.5	1.00E-05
-419	1.00E-05
-419.5	1.00E-05
-420	1.00E-05
-420.5	1.00E-05
-421	1.00E-05
-421.5	1.00E-05
-422	1.00E-05
-422.5	1.00E-05
-423	1.00E-05
-423.5	1.00E-05
-424	1.00E-05
-424.5	1.00E-05
-425	1.00E-05
-425.5	1.00E-05
-426	1.00E-05
-426.5	1.00E-05
-427	1.00E-05
-427.5	1.00E-05
-428	1.00E-05
-428.5	1.00E-05
-429	1.00E-05
-429.5	1.00E-05
-430	1.00E-05
-430.5	1.00E-05
-431	1.00E-05
-431.5	1.00E-05
-432	1.00E-05
-432.5	1.00E-05
-433	1.00E-05
-433.5	1.00E-05
-434	1.00E-05
-434.5	1.00E-05
-435	1.00E-05
-435.5	1.00E-05
-436	1.00E-05
-436.5	1.00E-05
-437	1.00E-05
-437.5	1.00E-05
-438	1.00E-05
-438.5	1.00E-05
-439	1.00E-05
-439.5	1.00E-05
-440	1.00E-05
-440.5	1.00E-05
-441	1.00E-05
-441.5	1.00E-05
-442	1.00E-05
-442.5	1.00E-05
-443	1.00E-05
-443.5	1.00E-05
-444	1.00E-05
-444.5	1.00E-05
-445	1.00E-05
-445.5	1.00E-05
-446	1.00E-05
-446.5	1.00E-05
-447	1.00E-05
-447.5	1.00E-05
-448	1.00E-05
-448.5	1.00E-05
-449	1.00E-05
-449.5	1.00E-05
-450	1.00E-05
-450.5	1.00E-05
-451	1.00E-05
-451.5	1.00E-05
-452	1.00E-05
-452.5	1.00E-05
-453	1.00E-05
-453.5	1.00E-05
-454	1.00E-05
-454.5	1.00E-05
-455	1.00E-05
-455.5	1.00E-05
-456	1.00E-05
-456.5	1.00E-05
-457	1.00E-05
-457.5	1.00E-05
-458	1.00E-05
-458.5	1.00E-05
-459	1.00E-05
-459.5	1.00E-05
-460	1.00E-05
-460.5	1.00E-05
-461	1.00E-05
-461.5	1.00E-05
-462	1.00E-05
-462.5	1.00E-05
-463	1.00E-05
-463.5	1.00E-05
-464	1.00E-05
-464.5	1.00E-05
-465	1.00E-05
-465.5	1.00E-05
-466	1.00E-05
-466.5	1.00E-05
-467	1.00E-05
-467.5	1.00E-05
-468	1.00E-05
-468.5	1.00E-05
-469	1.00E-05
-469.5	1.00E-05
-470	1.00E-05
-470.5	1.00E-05
-471	1.00E-05
-471.5	1.00E-05
-472	1.00E-05
-472.5	1.00E-05
-473	1.00E-05
-473.5	1.00E-05
-474	1.00E-05
-474.5	1.00E-05
-475	1.00E-05
-475.5	1.00E-05
-476	1.00E-05
-476.5	1.00E-05
-477	1.00E-05
-477.5	1.00E-05
-478	1.00E-05
-478.5	1.00E-05
-479	1.00E-05
-479.5	1.00E-05
-480	1.00E-05
-480.5	1.00E-05